893 2981
147 520
214 377
115 634
406 752
464 476
889 259
13 509
185 803
242 53
297 71
406 355
636 497
567 811
801 296
237 379
665 410
811 407
372 105
246 296
191 377
802 600
569 169
475 448
721 520
574 463
769 66
826 89
375 381
126 829
469 547
427 408
718 666
129 544
854 245
639 609
324 615
610 873
776 43
220 807
258 366
495 432
278 550
248 393
634 824
892 670
416 463
372 730
197 710
534 26
59 435
677 779
379 200
381 410
387 377
100 102
265 706
252 598
703 505
758 350
378 499
180 45
528 23
234 120
835 577
846 355
612 255
578 590
406 95
248 843
542 205
376 308
857 683
141 162
240 867
459 361
581 29
689 117
671 45
638 80
125 201
418 69
368 792
528 554
267 808
697 390
456 426
771 789
757 273
382 847
430 489
574 617
331 288
241 668
32 82
734 234
293 538
720 250
313 180
829 355
868 629
706 227
10 662
673 609
878 704
857 106
861 562
368 105
42 592
3 746
481 241
528 502
892 564
340 873
89 257
535 891
339 741
519 680
78 221
290 252
597 141
166 20
696 390
661 226
241 321
622 616
481 40
445 2
764 288
752 280
453 66
27 174
656 163
696 890
859 198
408 442
662 306
331 699
596 787
761 399
686 583
779 687
730 89
713 506
643 136
734 442
534 760
257 332
834 606
817 696
324 215
107 737
92 707
453 832
222 292
134 165
370 92
359 629
287 882
92 848
645 370
132 398
136 414
796 559
339 137
88 578
621 680
435 695
418 677
240 397
27 496
579 515
321 823
32 755
54 165
529 17
221 278
684 735
225 262
133 245
742 699
878 331
543 133
245 636
268 563
332 592
495 4
832 414
208 19
171 153
670 141
602 207
413 817
32 667
569 587
2 498
717 729
277 700
442 26
465 66
229 744
626 72
846 136
615 501
231 154
161 749
677 260
863 410
22 686
721 34
160 41
297 432
230 155
514 379
832 90
631 586
267 663
449 272
175 416
676 219
697 749
667 776
720 259
318 665
837 675
342 259
57 401
810 392
222 195
459 703
138 154
693 681
693 356
586 827
418 321
326 630
239 644
772 450
59 604
170 380
171 6
338 778
234 209
759 660
206 524
138 411
600 738
547 61
766 179
219 617
40 730
185 860
750 647
284 845
867 710
17 335
880 587
627 489
520 290
422 317
521 79
429 165
612 450
698 658
634 492
699 761
197 613
597 633
476 119
792 368
62 395
506 356
130 315
521 231
464 107
372 620
887 784
803 150
319 754
747 680
289 717
74 282
511 858
437 611
97 754
62 336
448 324
674 590
857 564
223 296
133 395
409 709
660 839
448 288
850 319
830 804
725 876
483 625
102 805
191 871
17 546
417 536
768 480
204 269
8 608
727 628
567 544
710 485
90 273
254 190
165 193
404 302
704 439
705 319
873 256
292 643
54 113
326 746
594 90
846 547
578 237
730 554
118 823
430 390
840 441
393 834
583 710
414 279
640 306
534 681
367 285
150 381
265 339
637 58
70 686
252 882
695 414
294 285
498 184
544 536
139 438
517 342
469 324
371 41
185 783
810 128
496 563
761 9
887 402
778 484
104 729
747 625
37 190
765 1
609 205
262 451
338 528
651 570
379 779
506 369
841 50
362 544
93 282
701 400
849 50
42 6
853 213
673 439
214 699
250 736
558 480
579 102
47 179
28 173
155 301
92 325
570 664
205 493
868 563
557 547
261 102
556 617
279 822
485 77
430 710
535 271
152 555
372 100
670 365
514 115
109 632
609 762
519 795
829 159
282 194
545 712
512 389
538 307
683 883
82 39
137 448
747 478
769 667
388 215
500 41
616 882
781 872
178 200
844 693
667 253
211 423
191 782
195 628
627 34
259 166
284 761
232 58
712 815
196 448
625 806
384 783
842 557
655 538
131 881
608 531
633 412
330 84
27 672
412 196
311 90
26 632
517 748
609 846
760 793
249 748
144 761
434 40
201 819
149 475
168 68
459 48
858 672
820 31
531 689
453 109
435 494
471 841
517 89
25 161
544 489
357 513
359 680
164 103
223 370
672 397
359 196
866 399
548 855
347 75
609 488
471 265
233 301
767 168
407 714
181 699
510 195
366 68
114 165
793 454
644 837
374 329
289 764
698 784
54 481
445 653
575 348
605 199
160 505
859 242
787 621
456 341
823 599
826 489
59 144
410 792
874 698
581 822
275 872
442 590
830 416
121 312
855 424
571 170
771 489
813 39
702 549
649 114
409 296
47 815
602 434
345 464
295 877
733 242
736 90
383 402
536 350
353 91
664 346
581 339
193 562
111 53
432 155
672 576
654 592
565 448
162 658
58 822
872 296
745 469
361 466
472 288
805 652
383 10
684 642
99 633
428 64
229 689
729 376
306 155
531 123
492 600
266 326
774 834
687 179
881 367
166 40
401 424
112 16
165 677
260 818
505 71
512 337
509 194
435 739
438 267
170 502
152 533
230 100
31 518
181 662
661 668
701 479
885 835
701 520
887 611
670 113
661 277
650 648
575 59
418 84
777 68
688 90
743 554
319 180
64 357
204 823
141 832
271 817
166 371
704 303
154 768
689 320
263 888
784 706
15 833
121 286
853 255
429 757
654 267
641 419
308 217
184 849
495 579
591 542
518 656
79 511
196 748
491 792
366 777
290 89
549 615
867 693
432 676
660 223
184 197
334 184
633 128
264 552
231 811
256 655
129 491
248 871
192 180
308 735
234 236
34 769
770 791
164 58
221 588
517 431
173 180
780 412
29 26
893 613
231 66
50 714
287 188
363 263
400 267
109 791
844 334
708 490
353 301
407 289
785 1
654 251
549 596
397 114
183 673
27 512
626 775
325 645
783 514
434 514
736 601
848 285
119 771
391 485
780 849
877 736
794 152
614 553
133 415
213 161
65 781
695 151
825 108
737 559
862 299
59 881
461 61
836 105
238 703
410 230
190 340
727 151
196 496
87 611
734 746
789 816
800 837
372 209
688 754
219 763
593 96
388 782
740 245
282 174
875 603
345 629
419 122
535 749
476 121
345 40
190 1
712 695
736 760
440 271
633 864
372 92
232 540
547 199
67 432
585 794
811 714
96 608
576 373
244 822
390 459
45 858
34 810
36 26
789 682
796 433
699 315
439 124
135 871
301 123
530 784
751 873
699 424
424 688
166 879
167 134
244 123
637 486
767 466
489 719
363 8
109 217
510 258
202 595
404 288
188 213
118 169
842 441
766 83
315 820
338 793
134 861
356 136
414 552
418 138
809 522
75 762
369 3
461 669
130 360
726 650
655 207
568 276
571 695
290 637
511 765
99 544
461 185
706 53
245 695
637 32
731 746
417 51
755 886
538 589
777 454
265 698
547 66
893 263
380 190
473 324
436 120
184 454
863 14
756 84
771 82
173 145
356 716
285 290
625 720
500 407
419 513
390 231
581 507
484 674
75 71
419 642
543 53
519 256
650 10
745 738
311 472
5 235
413 885
803 469
309 841
642 694
312 642
79 516
523 812
156 819
468 592
821 110
876 335
849 498
435 691
238 755
25 435
814 440
873 42
50 413
529 771
837 184
20 47
539 572
260 75
603 219
652 885
778 648
670 506
309 801
754 315
171 26
591 234
354 173
887 544
411 747
448 708
287 254
36 459
114 96
811 10
722 22
120 316
85 822
639 453
647 522
60 673
118 491
619 29
837 648
34 528
201 347
455 64
609 761
542 215
637 853
734 688
519 699
242 85
813 650
708 778
504 371
432 517
456 876
327 332
356 216
684 454
667 845
523 407
407 718
180 741
277 755
372 108
507 370
767 165
586 691
264 60
193 74
139 591
504 267
12 284
144 530
571 247
883 265
459 324
331 523
353 55
157 426
601 345
768 166
237 636
400 597
94 592
165 257
577 779
394 63
30 684
234 529
129 375
681 885
441 248
701 703
371 260
336 482
389 654
744 33
812 419
344 151
71 654
443 670
602 538
218 438
479 886
500 137
712 479
376 844
840 550
144 109
823 601
494 337
723 700
48 478
348 417
542 660
851 23
502 256
488 623
178 74
753 710
701 435
205 686
223 19
261 167
45 69
391 548
380 692
491 347
109 168
519 349
613 744
563 319
302 465
13 663
603 91
880 862
649 765
580 236
781 349
341 688
434 661
738 455
261 836
262 423
245 757
669 552
106 592
105 744
469 578
100 654
130 480
741 191
329 654
69 253
752 492
836 238
584 159
30 374
50 551
713 381
469 676
628 806
214 620
96 670
886 234
814 733
245 357
302 331
322 80
361 155
569 81
140 194
664 721
256 590
386 299
243 718
814 312
427 503
341 101
200 827
402 538
774 517
477 411
293 654
686 209
841 277
697 358
594 583
387 146
8 648
869 469
305 411
842 137
863 651
19 882
647 833
562 56
231 626
108 101
733 686
853 497
614 731
852 751
246 255
340 112
472 702
159 754
807 314
702 468
224 627
376 803
227 542
837 404
50 582
70 184
113 336
633 311
762 248
484 359
217 799
841 802
588 314
226 744
511 581
558 539
465 86
653 829
284 507
556 78
8 493
762 628
456 606
102 668
489 150
518 205
589 230
168 40
349 877
84 561
323 795
531 136
733 220
275 604
19 787
421 683
336 841
596 31
874 780
49 372
584 329
893 449
382 240
893 726
204 42
632 160
563 136
430 842
111 270
37 620
257 347
494 792
795 45
597 446
501 457
466 230
22 441
627 20
203 115
686 234
725 474
713 205
267 104
175 867
126 841
158 606
199 440
384 466
718 589
671 692
871 875
697 458
808 836
736 417
352 629
282 695
695 757
554 820
535 250
59 744
10 483
65 257
483 6
555 264
797 459
230 771
467 192
700 116
548 643
163 285
163 743
440 96
593 561
498 289
831 609
615 835
47 525
875 459
450 73
153 757
237 580
517 658
26 776
315 746
190 31
170 507
821 231
9 359
572 344
26 699
208 810
407 533
450 875
306 36
770 887
887 582
391 477
14 11
532 23
554 4
241 252
405 695
482 43
104 180
267 288
417 198
773 252
740 97
887 313
714 644
183 125
538 419
100 474
191 440
122 484
159 244
750 169
734 722
51 435
793 74
653 462
13 793
766 41
141 355
861 460
573 236
477 183
301 489
505 131
159 298
87 857
311 581
426 842
813 334
444 106
482 149
154 694
467 315
324 173
73 574
863 354
591 787
742 677
440 434
448 577
394 756
507 699
591 30
232 410
279 692
121 608
101 58
554 246
460 871
244 173
182 730
727 218
693 22
368 802
536 207
539 688
314 328
210 534
889 724
798 691
449 190
869 710
853 380
469 200
881 757
588 767
187 318
498 584
703 590
40 537
505 343
882 674
170 173
817 439
802 285
426 702
785 857
805 384
884 836
335 337
542 300
87 106
162 159
329 661
201 168
607 133
184 549
385 49
150 371
210 733
160 304
766 574
695 839
550 220
453 160
773 335
738 739
685 477
741 256
540 480
851 448
597 753
727 806
283 585
267 332
13 149
341 376
127 267
310 728
4 787
593 658
870 737
483 52
394 559
144 662
495 676
170 438
479 64
524 3
121 87
74 767
513 310
290 306
421 338
404 318
518 10
446 746
340 294
289 839
436 388
774 392
632 105
634 270
104 151
529 295
159 270
145 609
246 766
310 878
475 528
187 615
316 532
651 475
742 173
136 406
889 392
290 474
588 661
610 624
296 45
715 774
628 521
202 628
169 548
595 554
137 454
156 294
855 228
710 740
53 90
537 50
60 714
871 484
692 892
144 826
14 708
137 516
517 375
375 496
718 213
892 651
234 10
489 870
140 240
58 316
280 878
189 793
489 88
456 111
645 169
4 39
504 871
27 821
429 324
729 838
302 642
358 782
509 316
93 498
113 73
61 745
120 592
711 14
689 833
362 501
310 46
208 754
652 424
91 764
582 370
269 301
177 53
2 213
280 559
267 283
729 847
751 270
167 841
884 237
499 137
444 465
76 389
502 651
151 47
563 650
317 811
603 444
859 611
731 342
640 860
329 205
439 272
230 724
13 490
543 879
185 116
351 291
43 114
351 693
686 311
687 175
157 880
450 423
802 816
35 268
282 344
717 238
303 32
478 247
614 53
779 701
835 690
505 187
555 233
827 348
387 536
154 376
425 308
105 38
510 200
531 496
232 616
466 329
474 391
571 29
536 48
631 496
481 729
819 356
145 98
78 579
735 438
735 728
739 70
543 480
343 30
479 5
742 319
172 870
125 279
605 109
842 353
684 201
249 509
231 192
323 355
461 465
137 571
134 163
567 70
290 46
537 873
510 429
585 170
599 10
579 534
857 293
569 89
399 682
705 220
486 316
66 165
377 3
378 371
632 720
257 54
58 514
33 82
567 611
698 811
73 881
614 570
160 259
46 747
359 771
13 279
187 458
689 671
47 29
820 275
405 810
457 467
20 430
404 400
425 186
317 722
859 591
622 530
476 212
347 671
447 276
786 619
167 891
328 569
257 658
125 713
675 884
69 557
606 348
57 206
721 780
389 451
141 887
313 421
656 443
234 91
141 573
165 289
475 770
351 513
373 654
505 433
824 796
552 182
420 398
701 320
530 468
760 547
52 740
145 657
165 456
700 197
351 413
456 558
267 386
344 357
860 671
711 807
292 855
718 90
495 808
621 496
61 792
740 536
390 145
142 550
831 620
473 176
115 253
551 453
456 274
273 460
97 605
739 26
114 554
818 663
69 543
259 774
804 19
163 800
554 173
828 393
226 737
633 39
615 516
32 426
865 449
24 660
314 303
579 643
70 479
733 608
257 641
721 597
539 49
207 616
356 395
706 514
563 448
450 46
783 698
625 15
625 594
533 313
539 820
442 340
412 776
452 877
718 576
111 402
367 73
168 881
685 265
620 405
822 23
219 78
441 237
239 468
501 843
333 506
835 18
14 58
367 368
81 815
595 520
301 790
410 78
101 608
693 155
163 266
273 446
760 462
838 114
307 436
227 768
249 824
748 524
549 467
1 658
74 504
186 203
114 348
97 508
480 484
96 700
84 388
805 255
208 815
422 870
649 136
82 505
431 715
434 294
237 307
411 695
107 414
554 333
330 435
366 545
525 519
67 572
856 98
855 256
15 174
256 567
502 468
832 155
443 225
337 294
214 684
358 513
676 622
435 398
187 305
759 719
377 821
705 719
639 576
218 15
571 90
792 647
885 59
541 276
630 118
599 215
86 581
621 379
821 73
60 685
94 735
405 460
27 476
308 536
510 628
855 769
408 666
411 115
686 603
393 363
530 659
236 266
589 180
560 435
421 803
278 660
446 821
345 677
347 390
523 411
120 13
340 836
91 502
365 54
75 746
872 780
464 445
109 49
592 704
552 405
623 120
233 199
730 829
622 348
57 490
788 819
511 286
4 193
595 299
281 490
176 240
582 552
430 709
513 215
179 772
229 283
662 79
43 352
814 559
563 694
677 572
456 581
108 46
497 754
757 825
632 328
84 514
893 884
196 452
821 893
825 524
697 327
322 566
577 233
24 83
760 555
467 842
427 336
165 74
478 837
24 551
593 519
98 744
408 123
90 869
363 193
164 889
483 37
195 633
636 650
289 492
638 231
455 646
518 202
77 58
354 641
353 655
265 331
393 414
616 758
477 642
56 779
812 322
410 534
85 384
842 488
268 58
491 508
59 842
5 207
61 34
510 196
10 736
599 844
585 586
306 468
289 372
572 402
40 227
111 461
629 26
318 828
427 63
160 594
892 643
452 624
478 387
733 76
163 585
75 404
294 429
166 502
497 378
44 682
261 188
637 869
46 349
176 460
305 850
281 883
53 501
715 862
111 825
520 502
741 775
889 108
375 163
790 244
129 721
753 343
84 30
755 257
692 637
373 308
671 893
892 555
65 478
129 334
424 73
333 49
580 441
655 580
424 804
768 477
550 496
789 782
64 111
483 493
836 645
14 88
253 160
147 194
826 702
404 617
577 295
762 816
602 236
823 831
550 9
769 739
95 809
756 629
137 694
85 712
799 305
692 285
583 83
608 311
827 168
337 626
66 80
599 545
41 668
747 701
742 404
797 492
376 312
32 95
565 299
493 768
238 157
117 239
541 338
195 224
267 223
417 763
826 215
28 314
658 161
111 45
59 27
26 858
687 405
726 688
287 428
71 848
700 475
419 544
393 645
117 524
635 67
232 580
838 612
823 561
772 114
331 226
406 656
426 121
160 656
233 62
506 132
362 129
679 86
298 130
58 51
741 350
544 342
536 708
406 585
354 374
424 223
869 832
66 162
568 778
698 498
809 730
592 230
259 866
576 160
82 34
581 12
36 439
266 750
149 709
226 472
45 884
521 71
234 264
473 395
550 711
361 548
403 432
149 225
431 262
379 49
255 578
57 350
258 334
99 430
796 344
423 499
230 18
322 211
234 81
804 698
659 80
770 872
56 507
419 161
516 721
856 215
760 358
142 233
715 153
660 49
679 258
807 713
756 730
334 785
649 251
480 853
144 678
636 736
786 877
145 84
589 443
735 566
369 99
107 333
80 696
370 194
320 408
321 113
874 249
68 176
142 442
255 728
570 665
113 247
757 300
307 33
744 346
266 223
871 675
641 539
198 871
630 852
611 449
649 297
580 749
815 203
581 308
638 112
177 780
434 735
420 833
460 61
705 53
524 591
778 286
10 171
193 652
86 662
604 362
63 425
111 650
96 486
500 294
619 856
233 248
105 691
474 47
352 341
441 582
742 691
412 484
420 438
809 805
888 171
215 709
610 745
61 703
297 598
828 806
176 182
101 400
306 809
246 172
290 623
131 220
130 293
336 615
710 664
118 291
121 491
746 363
231 143
30 629
325 651
532 479
314 244
498 605
720 667
412 301
178 488
880 786
384 156
20 365
701 337
228 456
89 505
698 514
494 271
340 763
797 697
230 538
434 23
571 698
97 506
100 452
335 800
465 193
466 209
429 475
361 618
749 124
380 52
589 637
346 689
349 644
4 404
831 223
229 382
768 330
820 876
396 635
679 294
203 489
497 574
226 503
744 222
742 633
284 417
158 624
412 347
806 282
610 804
572 595
82 214
653 856
686 615
344 176
110 301
591 107
45 680
374 284
394 643
662 130
494 624
849 92
580 690
670 66
213 515
471 174
308 809
238 192
132 792
152 683
499 161
27 707
229 456
674 327
213 756
499 849
811 425
407 445
227 776
250 190
71 316
167 290
206 843
203 192
856 872
156 734
712 823
622 339
767 686
312 218
442 834
816 794
607 819
174 483
770 644
697 668
310 596
60 831
118 214
686 819
563 826
529 299
240 565
557 243
645 874
233 332
839 163
533 122
166 655
261 652
209 609
842 890
671 70
672 864
342 13
399 126
628 692
183 360
379 363
888 281
636 481
230 504
20 526
365 384
390 572
167 820
193 890
368 109
577 439
326 574
241 866
343 92
166 450
541 195
582 271
379 291
507 470
550 147
862 559
811 174
668 541
390 609
48 823
252 269
385 669
406 801
763 189
121 746
107 388
114 25
678 134
844 666
559 129
725 233
817 376
141 40
107 277
475 361
517 194
227 34
139 30
752 451
349 737
153 736
390 818
545 455
174 500
218 594
424 461
299 296
449 475
857 454
566 361
433 84
695 711
438 690
455 752
76 94
616 560
210 459
818 820
568 304
200 333
473 561
284 672
524 742
503 313
270 384
296 262
823 556
767 880
138 503
423 226
831 225
688 369
320 374
163 874
310 560
186 514
6 45
65 883
212 518
740 347
216 449
215 128
234 886
509 314
492 278
857 440
69 354
644 285
167 366
872 866
615 26
691 592
464 660
89 345
111 134
385 19
243 310
45 766
212 145
644 774
461 292
119 817
393 649
380 678
737 269
859 778
419 816
847 627
478 583
689 772
139 656
322 93
451 473
505 798
644 402
495 768
404 510
777 55
618 462
319 696
168 546
79 374
245 666
691 710
619 300
312 132
206 442
133 437
45 211
339 736
194 248
322 859
141 309
825 663
93 319
611 12
13 232
226 713
63 715
178 241
488 340
573 846
142 561
97 393
850 816
58 471
240 301
205 676
522 716
743 850
743 281
432 597
289 60
326 684
97 225
869 612
428 212
254 393
75 227
817 193
5 847
815 616
282 452
840 785
680 45
374 184
455 724
884 364
173 447
652 13
412 92
255 556
312 291
534 594
258 163
133 278
635 66
402 138
525 362
140 437
529 869
612 610
321 324
841 830
842 180
516 770
229 303
830 455
224 707
62 827
763 666
379 500
710 584
625 330
862 137
221 287
13 233
639 673
541 1
781 530
457 661
94 365
684 808
580 675
614 831
92 200
348 821
151 282
335 612
508 691
57 638
186 545
78 627
136 214
744 11
15 651
694 649
588 849
366 576
297 755
516 559
637 6
395 615
73 781
185 37
574 407
594 388
48 150
614 757
415 505
798 377
560 748
196 165
55 354
39 425
243 194
407 79
637 611
162 782
366 252
457 672
352 21
5 421
356 772
463 150
237 881
130 451
166 120
594 233
666 234
758 171
266 643
543 767
766 614
235 234
588 97
613 428
783 277
741 178
427 310
428 517
530 605
658 115
678 118
366 329
668 499
855 799
288 15
287 73
566 795
844 12
789 637
522 792
209 515
796 705
618 276
144 718
860 806
609 116
772 448
612 829
759 741
844 628
262 861
599 529
415 62
824 805
755 783
39 592
189 35
119 251
145 517
175 431
90 495
589 428
455 879
424 396
890 3
274 238
131 556
531 377
398 79
678 248
439 155
740 513
10 489
7 713
74 650
757 194
4 430
99 670
580 282
249 416
229 730
444 184
701 336
886 281
13 313
259 639
791 270
812 657
638 313
844 2
264 705
546 235
195 574
107 125
721 771
607 312
422 877
65 94
582 435
146 867
881 156
760 464
796 520
777 796
90 497
293 865
424 122
707 728
486 61
3 164
255 421
293 269
497 799
26 648
598 445
67 29
89 739
182 181
863 508
291 189
213 55
155 622
816 198
867 289
69 615
748 505
179 475
809 267
370 316
617 549
619 537
13 725
873 668
506 178
493 450
153 152
318 866
874 761
777 403
287 761
74 494
532 262
862 659
774 122
67 888
263 846
380 75
186 764
377 729
761 522
11 507
530 242
842 566
236 873
696 465
722 621
500 662
251 536
789 126
81 630
38 805
742 365
445 302
709 124
747 185
433 222
547 248
612 211
888 572
499 400
63 206
191 879
74 789
752 101
888 96
335 112
866 517
235 881
128 666
92 176
866 309
117 770
667 883
67 466
362 270
453 737
536 800
61 731
28 369
67 99
584 748
70 523
568 294
587 194
637 822
576 294
408 344
625 340
670 510
892 743
566 202
454 688
570 249
93 881
779 517
9 834
309 731
33 750
362 185
794 625
53 521
664 493
268 17
585 620
154 614
358 133
107 391
79 210
419 598
260 203
595 379
726 659
840 862
674 262
785 406
255 131
612 692
739 260
743 355
705 148
172 456
123 289
361 590
788 642
707 608
483 690
688 640
272 525
626 372
555 550
205 598
829 433
486 461
392 151
835 704
763 812
301 84
196 446
768 599
604 152
1 757
457 411
828 254
507 879
649 533
670 23
302 600
708 699
417 424
308 252
419 358
859 271
277 806
388 820
461 332
797 831
708 714
620 143
489 494
480 662
491 648
872 803
410 293
285 258
506 292
234 442
805 554
809 505
773 200
80 145
613 777
48 132
46 496
673 492
214 283
25 469
657 615
200 373
408 760
227 83
88 352
415 287
665 362
130 413
727 413
521 582
855 546
859 240
453 249
601 649
646 182
833 874
316 295
707 420
584 228
530 407
722 414
436 214
258 360
542 189
834 490
727 692
175 166
103 645
878 430
255 116
420 578
810 54
674 402
61 848
588 286
524 661
462 732
287 329
396 685
753 509
696 884
395 856
79 856
291 580
828 466
114 606
461 98
833 25
597 96
465 103
528 553
888 223
652 458
66 174
125 753
200 355
381 871
662 663
822 125
595 602
634 86
431 75
254 319
218 388
334 759
817 577
497 815
516 114
793 185
318 49
360 732
39 377
809 616
555 102
44 770
264 568
136 717
377 708
165 307
738 589
705 774
601 853
823 68
208 865
93 679
738 572
172 58
174 690
183 455
434 231
220 225
679 415
809 324
791 801
81 557
116 879
104 815
519 796
195 120
766 225
35 633
130 351
787 370
523 573
342 331
158 714
415 354
75 434
385 545
371 149
847 822
599 511
839 283
412 881
162 507
698 824
664 873
137 788
83 765
856 582
139 322
328 137
666 113
89 646
248 96
356 449
581 701
352 788
520 662
466 305
696 664
881 684
202 503
849 315
650 867
499 260
836 125
52 792
152 709
57 211
242 241
61 683
778 277
506 330
514 133
787 33
739 463
44 308
248 434
348 130
694 410
731 652
348 661
631 462
522 737
815 809
104 614
730 787
813 765
570 184
329 96
531 374
95 888
831 612
712 341
74 570
485 56
250 482
45 222
532 553
176 718
725 803
561 270
337 708
259 541
432 454
619 47
516 229
147 634
828 380
779 288
228 314
320 207
505 462
269 488
270 3
753 77
440 576
241 636
791 175
502 493
489 21
93 651
272 787
401 836
237 139
845 769
772 231
614 872
542 867
390 252
772 313
123 310
221 738
889 771
234 72
569 235
660 89
753 649
166 107
869 109
523 694
247 675
35 371
642 313
110 462
808 49
719 261
24 437
251 400
503 80
677 601
732 509
181 353
630 741
132 240
172 351
820 584
305 122
362 822
406 305
222 204
792 851
425 155
671 275
693 700
16 445
180 139
240 150
367 381
877 574
444 762
484 513
734 353
384 149
256 858
205 451
705 464
557 28
766 854
512 198
558 858
608 202
828 410
4 383
227 187
262 622
342 279
57 856
3 33
519 71
812 467
687 732
289 711
52 530
808 603
716 124
238 87
538 473
386 90
802 270
748 506
641 411
403 546
316 193
705 425
872 583
113 221
394 598
659 747
141 768
107 731
221 785
664 851
442 212
649 468
870 747
544 750
65 368
365 780
589 295
131 560
795 2
308 32
347 642
304 615
544 837
693 654
289 438
75 69
539 25
189 213
727 513
619 640
782 122
858 171
585 407
35 358
331 276
99 370
878 43
482 637
507 510
289 365
539 240
426 824
670 357
230 86
360 838
35 68
116 25
887 689
229 209
566 182
676 270
346 95
201 317
685 19
136 539
356 212
874 92
234 648
109 268
112 394
23 363
197 15
221 153
828 423
875 893
333 10
173 22
233 315
839 154
625 861
39 263
106 455
617 16
468 819
805 348
163 145
865 340
756 749
453 562
587 412
328 490
788 160
310 243
98 163
633 97
544 644
835 135
360 805
626 631
623 667
420 156
147 358
773 656
170 615
317 329
64 792
618 467
639 337
786 848
571 721
400 693
38 645
442 448
871 201
317 442
446 205
449 703
