916
375 406
484 75
414 27
212 873
164 101
584 427
34 93
661 798
170 410
257 238
598 132
251 265
839 746
99 58
660 308
915 151
383 720
2 20
208 155
709 865
820 149
331 171
397 12
151 354
201 409
242 103
753 352
183 175
107 249
859 328
109 120
218 156
825 593
455 362
42 28
724 354
834 648
98 113
204 601
618 55
258 467
230 250
349 676
514 320
580 23
337 316
546 91
9 200
184 32
203 79
49 3
98 395
166 110
54 435
560 313
550 424
231 311
591 212
442 563
20 37
480 712
45 42
379 685
397 487
71 140
842 213
835 264
74 144
57 157
671 618
705 352
9 2
466 349
394 894
378 181
337 696
67 309
453 826
189 99
459 105
282 324
15 10
248 104
52 130
92 95
605 702
772 681
490 843
387 94
343 88
662 281
635 40
272 92
163 185
757 211
56 846
627 375
634 647
117 390
211 485
144 198
58 124
828 197
150 506
70 81
157 441
159 369
155 207
424 482
163 162
10 94
24 287
387 901
154 589
173 170
661 308
243 114
416 632
815 704
756 297
136 39
211 27
520 420
464 533
687 90
353 663
16 236
38 105
334 108
80 633
850 40
253 79
104 673
146 231
350 583
107 269
849 542
627 800
366 146
399 88
33 36
284 181
629 736
569 274
241 90
756 805
25 17
807 188
12 172
327 102
106 342
240 651
39 97
168 112
3 50
606 692
69 490
52 64
782 322
780 886
908 721
114 106
910 788
730 215
353 715
593 519
771 905
12 266
306 817
81 711
129 48
78 760
47 29
848 64
315 182
697 91
82 25
420 761
841 668
289 417
368 155
31 360
118 456
614 771
868 201
235 359
12 6
74 67
642 159
394 400
235 54
175 110
280 90
438 8
548 186
481 414
2 32
698 781
246 97
91 75
167 80
46 24
357 577
903 862
67 134
306 218
526 108
49 116
6 31
874 10
777 654
504 460
303 194
361 386
404 619
258 675
799 802
736 790
754 792
617 92
512 668
796 415
134 719
131 143
509 34
476 231
226 144
96 73
763 883
186 117
128 55
300 906
555 168
415 154
44 69
432 3
473 264
320 372
149 159
518 43
251 119
321 260
512 799
603 916
249 332
117 245
69 133
49 693
197 462
63 346
2 30
664 778
174 82
110 851
8 7
18 338
308 341
145 124
19 294
326 127
179 215
429 881
258 61
450 429
568 446
6 18
541 900
373 622
809 40
107 273
856 643
69 691
575 445
66 147
32 657
194 238
83 271
292 124
582 364
888 437
299 157
316 612
261 80
104 3
361 630
51 16
427 869
604 279
28 8
21 11
613 469
385 28
759 319
35 286
53 153
679 206
460 154
464 193
89 125
92 710
34 43
703 871
250 812
370 29
27 716
54 15
123 111
536 37
80 86
112 74
160 268
510 350
122 86
24 357
3 2
3 6
449 96
388 293
144 704
223 690
20 24
51 77
322 145
57 4
585 276
639 298
103 72
146 469
861 376
373 246
279 105
383 162
398 407
154 640
501 400
15 623
638 459
212 140
293 609
836 179
451 872
746 909
911 760
319 123
331 758
84 60
722 418
573 72
381 221
281 245
205 140
217 20
430 337
588 130
200 202
863 657
107 36
285 398
37 191
69 102
553 743
132 17
349 295
141 277
119 69
367 742
416 1
552 54
658 312
631 536
551 150
833 302
838 769
493 837
63 11
195 164
35 176
163 374
585 684
254 495
315 603
699 58
586 57
46 288
151 190
243 295
535 745
197 23
453 587
375 91
608 408
54 71
546 666
416 511
429 184
36 525
738 211
90 193
39 6
173 680
196 146
569 578
703 603
801 206
87 6
776 633
53 90
289 512
148 765
470 48
889 97
698 731
64 83
146 446
411 256
391 265
201 283
145 206
6 355
902 594
513 307
234 96
508 504
97 100
149 350
87 254
612 732
170 620
95 121
504 882
97 855
733 880
780 108
233 131
110 457
659 289
822 496
749 784
597 208
219 87
725 181
340 606
887 40
794 99
171 29
60 67
439 417
795 140
179 144
694 328
3 13
646 254
324 493
307 316
254 427
48 16
443 125
53 56
4 448
683 370
115 36
62 10
30 769
38 161
293 161
406 625
298 124
70 39
472 469
373 667
236 461
163 393
494 143
492 239
125 274
2 1
521 177
54 228
114 199
138 17
724 824
709 529
66 194
133 255
695 368
276 271
324 607
681 75
316 686
475 365
653 127
610 216
126 614
489 43
878 722
359 483
523 567
68 42
225 208
360 750
133 177
707 607
431 103
128 364
840 30
201 97
150 317
52 1
678 609
135 581
308 890
747 387
148 142
733 609
152 752
61 17
79 52
202 216
616 407
478 245
791 27
120 396
61 556
913 37
852 232
522 326
36 323
382 156
118 45
224 89
71 256
91 98
16 5
10 14
708 276
862 356
34 544
231 275
739 675
434 355
898 219
22 3
263 119
611 554
19 106
596 299
212 302
773 392
28 413
287 297
18 847
477 394
351 401
854 136
827 580
110 803
452 193
161 572
419 394
430 674
84 371
652 230
362 326
605 572
244 64
37 264
442 28
115 488
130 816
83 85
125 178
595 376
461 558
507 831
125 706
734 579
5 3
735 376
594 187
818 623
40 16
379 101
333 84
139 56
150 285
576 19
315 353
77 336
260 137
252 112
491 215
131 499
844 775
560 787
542 179
25 29
291 246
240 76
61 755
217 330
247 196
123 402
66 628
9 547
770 336
441 744
81 149
230 38
137 28
43 347
78 426
218 403
75 384
405 164
309 325
304 291
92 1
117 68
170 84
530 251
498 65
571 556
54 318
884 776
244 444
772 783
392 912
154 40
80 39
877 490
650 362
11 53
259 124
125 313
549 264
261 535
616 641
17 35
23 18
437 166
737 304
144 158
17 424
660 721
276 885
17 5
368 579
876 469
860 752
88 22
104 312
553 206
72 38
5 127
78 3
602 542
223 307
7 6
278 169
67 165
236 523
300 281
295 763
565 892
681 823
599 244
13 270
15 222
210 65
189 528
413 564
236 797
541 492
665 513
376 502
629 893
298 592
11 4
337 367
181 128
131 111
470 574
224 262
33 44
197 356
227 217
209 159
346 532
147 237
378 689
336 363
31 180
214 177
120 380
293 813
75 37
162 53
329 284
293 527
866 204
694 775
77 729
717 655
236 904
57 301
517 251
151 12
150 37
60 37
34 27
42 182
664 226
225 345
712 830
648 806
232 109
394 299
615 272
171 762
282 250
331 713
341 682
46 474
714 536
840 864
124 519
64 111
78 156
213 183
79 420
38 101
467 531
8 290
33 21
285 832
356 785
311 700
328 233
6 142
539 491
44 423
458 312
132 626
12 389
514 534
27 21
358 110
565 65
634 482
392 114
276 340
61 624
168 454
187 62
422 299
320 66
4 38
116 335
116 314
701 845
554 319
26 8
162 229
529 305
204 16
645 171
1 109
121 141
469 768
243 267
160 130
789 123
451 109
656 157
875 124
416 858
564 879
377 180
123 418
73 7
561 288
214 344
146 112
684 804
786 704
637 607
437 570
65 32
891 539
590 267
741 203
500 50
408 217
110 40
515 393
291 821
58 54
853 225
142 188
819 212
503 389
98 135
76 421
319 447
462 600
221 7
244 793
122 779
100 897
870 120
19 751
281 305
629 533
123 562
339 140
540 404
404 196
142 636
131 644
513 524
376 200
192 148
497 154
66 10
507 55
231 728
440 516
433 427
259 296
557 199
505 173
289 255
51 55
223 92
895 265
538 305
112 155
7 10
16 537
740 225
746 705
1 4
24 425
568 654
97 152
133 308
885 899
718 147
672 478
385 496
810 483
727 138
352 259
471 74
709 896
445 300
669 578
829 179
440 269
648 393
126 749
356 412
114 814
774 312
