19520.1879061
4558.18203304
4705.25044304
4744.26134304
4818.33450304
4875.30183304
4905.36653304
5018.45059304
5038.36516304
5141.37435304
5165.51900304
5240.44276304
5279.56193304
5396.54387304
5407.62051304
5524.63883304
5538.66100304
5637.72289304
5694.74435304
5724.74031304
5809.77129304
5827.74950304
5922.85535304
5942.77644304
6023.90303304
6057.80338304
6110.93506304
6128.84049304
6241.92455304
6267.03617304
6324.05763304
6338.97731304
6441.98650304
6510.13694304
6556.02943304
6666.23805304
6669.11349304
6782.19755304
6794.33301304
6891.38577304
6938.29866304
7005.42870304
7039.34634304
7120.45564304
7170.38683304
7219.52405304
7326.48794304
7332.60811304
7460.66669304
7473.55635304
7563.67588304
7586.64041304
7634.71299304
7689.64960304
7691.73445304
7792.65879304
7804.81851304
7891.72720304
7918.86144304
7962.76431304
8046.92002304
8091.80690304
8174.97860304
8192.85458304
8277.98779304
8348.95569304
8393.01473304
8496.02410304
8540.08314304
8627.06459304
8655.11008304
8724.11735304
8742.14211304
8839.14429304
8855.22617304
8936.19705304
8984.26876304
8993.21851304
9087.27795304
9149.31962304
9224.33686304
9246.37238304
9352.39544304
9377.41287304
9478.46055304
9508.49655304
9607.56496304
9625.52896304
9694.59699304
9728.53815304
9791.64975304
9825.59091304
9894.65894304
9912.62294304
10011.691353
10041.727353
10142.775033
10167.792463
10273.815523
10295.851043
10370.868283
10432.909953
10526.969393
10535.919143
10583.990853
10664.961733
10681.043613
10778.045793
10796.070553
10865.077823
10893.123313
10980.104763
11024.163803
11127.173173
11171.232213
11242.200113
11327.333323
11345.209303
11428.381003
11473.267883
11557.423593
11601.326463
11628.460703
11715.369393
11727.529113
11828.453453
11830.538303
11885.474913
11933.547493
11956.512023
12046.631553
12059.521213
12187.579793
12193.699963
12300.663853
12349.801073
12399.732263
12480.841563
12514.759203
12581.889243
12628.802133
12725.854893
12737.990353
12851.074413
12853.949853
12964.158473
13010.050963
13078.201403
13181.210593
13196.130273
13253.151733
13278.263353
13391.347413
13409.252843
13462.384523
13496.284873
13577.411463
13597.332553
13692.438403
13710.416613
13795.447593
13825.443553
13882.465013
13981.526903
13995.549073
14112.567393
14123.644033
14240.625973
14279.745143
14354.668903
14378.813553
14481.822743
14501.737313
14614.821373
14644.886073
14701.853403
14775.926563
14814.937463
14962.005873
