376.814166358
491.841106358
628.900016358
757.942606358
886.985196358
944.006656358
1072.10161636
1200.16019636
1297.21295636
1394.26571636
1522.32429636
1625.33348636
1728.34267636
1825.39543636
1922.44819636
2036.49112636
2167.53161636
2270.54080636
2373.54999636
2488.57693636
2602.61986636
2731.66245636
2878.73086636
2992.77379636
3063.81090636
3164.85858636
3292.91716636
3391.98557636
3539.05398636
3670.09447636
3769.16288636
3840.19999636
3968.25857636
4067.32698636
4195.38556636
4282.41759636
4429.48600636
4585.58711636
4656.62422636
4787.66471636
4924.72362636
5110.80293636
5238.86151636
5424.94082636
5611.02013636
5774.08346636
5903.12605636
6066.18938636
6195.23197636
6332.29088636
6469.34979636
6572.35898636
6686.40191636
6785.47032636
6856.50743636
6943.53946636
7071.59804636
7170.66645636
7269.73486636
7382.81892636
7513.85941636
7642.90200636
7741.97041636
7855.05447636
8041.13378636
8188.20219636
8245.22365636
8382.28256636
8453.31967636
8524.35678636
8671.42519636
8768.47795636
8881.56201636
8980.63042636
9143.69375636
9299.79486636
9455.89597636
9641.97528636
9741.04369636
9798.06515636
9935.12406636
10121.2033764
10220.2717864
10277.2932464
10424.3616564
10571.4300664
10670.4984764
10727.5199364
10856.5625264
10969.6465864
11056.6786164
11169.7626764
11325.8637864
11454.9063764
