1000 9894
985 541
307 521
414 879
436 931
909 33
781 785
711 481
842 874
860 713
105 272
996 158
369 34
542 261
319 692
198 887
836 265
240 337
421 228
339 95
87 553
627 524
22 616
498 616
874 803
109 834
169 117
728 931
492 429
326 461
18 786
679 587
320 22
840 845
322 700
343 778
164 143
739 309
558 987
528 336
212 147
710 246
685 428
778 440
818 15
909 164
392 243
399 810
921 302
813 264
117 139
390 731
28 748
505 745
413 685
490 127
37 402
654 763
733 66
513 701
96 9
478 871
138 354
323 802
340 908
271 514
721 651
496 513
958 712
51 940
513 135
732 13
310 223
354 839
280 30
357 80
881 606
533 61
134 24
391 651
927 981
802 582
772 938
59 571
341 925
843 631
590 288
276 808
703 963
794 813
997 226
156 262
251 896
142 849
954 695
157 643
599 131
801 200
587 763
824 151
695 748
75 303
557 705
593 302
167 279
939 198
536 889
467 585
64 655
218 285
40 533
630 430
84 454
1000 327
817 951
88 667
274 119
994 317
621 250
550 62
454 227
263 60
478 229
482 248
639 490
730 402
948 461
291 962
240 938
916 803
296 108
574 259
540 151
409 403
122 450
505 58
900 172
537 911
956 71
259 241
597 851
601 272
842 42
715 296
19 785
98 298
779 599
368 464
359 145
556 385
737 961
283 565
126 247
400 887
935 985
330 504
706 847
827 100
908 407
658 746
628 396
339 507
548 205
37 832
665 47
929 482
713 283
327 975
627 253
129 250
104 677
828 572
394 206
489 324
822 6
788 402
183 472
211 915
855 74
825 915
932 977
881 676
8 144
172 621
467 775
484 943
125 587
473 410
735 406
973 285
646 141
630 364
134 433
657 612
878 490
777 67
707 875
724 587
91 613
274 447
393 791
367 720
317 507
647 29
178 931
506 52
126 885
421 13
250 49
431 228
843 44
113 463
471 58
598 310
31 595
92 579
960 338
467 161
699 674
583 183
452 587
911 588
537 619
226 264
999 135
987 839
571 388
458 784
594 543
131 807
959 321
638 428
675 674
72 973
605 189
400 964
188 803
286 879
350 2
427 682
861 501
59 935
339 985
249 533
158 953
408 660
273 352
272 556
201 410
239 182
515 689
548 368
806 852
686 482
36 927
780 931
507 343
234 485
72 280
78 274
650 435
420 62
417 858
158 234
566 231
324 758
141 1000
242 43
872 398
413 424
713 738
596 989
1000 82
459 135
612 71
457 18
265 450
29 361
13 548
493 924
942 931
100 770
583 855
199 78
290 998
423 518
464 573
925 704
948 359
566 722
60 359
458 754
960 317
526 124
378 910
490 580
437 791
210 583
461 615
303 946
785 87
473 547
719 506
661 398
995 866
305 810
602 512
110 967
148 736
643 830
154 49
231 125
538 347
44 480
836 580
874 275
983 663
313 283
845 658
727 658
107 273
978 329
499 411
851 238
12 998
301 241
140 817
111 814
125 619
665 118
918 768
280 916
614 179
697 90
335 950
140 640
876 762
759 305
819 651
944 26
661 83
590 43
936 718
632 221
150 728
676 560
219 423
463 650
954 958
863 259
906 61
959 254
530 641
733 594
220 523
170 240
65 974
746 463
323 274
294 984
972 957
755 311
388 222
544 668
318 27
854 441
33 153
470 438
401 349
130 821
828 352
459 163
333 582
264 83
319 695
956 632
955 919
613 671
544 378
606 488
570 706
95 109
174 660
106 694
179 62
861 550
347 884
823 663
173 548
355 321
302 312
51 120
714 792
416 715
259 711
166 411
539 223
151 45
706 676
28 344
396 148
292 453
700 458
918 369
809 719
758 112
911 715
525 177
127 3
183 877
295 887
685 427
634 437
541 647
123 952
491 533
382 215
582 361
862 349
644 656
136 903
927 259
303 549
698 50
348 114
403 705
650 932
707 685
563 930
645 962
288 945
823 195
550 953
332 734
64 552
528 167
290 166
770 380
992 52
243 122
525 710
124 719
595 894
30 992
154 632
393 768
674 371
819 838
399 286
347 89
185 166
388 525
741 441
778 181
335 680
727 250
195 29
256 183
573 956
389 485
564 533
410 896
177 907
259 905
371 621
708 852
964 510
87 377
720 138
39 506
77 771
651 764
289 275
789 614
812 585
868 733
621 471
895 648
881 106
937 296
421 135
996 782
282 639
854 167
964 803
416 777
271 389
757 600
395 645
737 516
238 571
779 795
209 855
139 696
982 714
325 861
364 245
222 239
888 519
596 595
356 785
412 515
141 123
884 627
792 993
278 188
226 357
282 51
373 917
340 493
268 66
969 475
145 265
957 362
64 487
211 120
362 244
35 294
300 834
931 992
589 708
519 665
314 302
288 989
413 79
318 949
928 985
230 225
825 583
537 123
591 168
263 253
451 101
159 316
162 496
110 426
37 976
168 641
741 332
941 378
531 514
826 202
920 405
673 853
121 784
711 757
271 948
589 153
117 123
259 852
764 129
289 221
54 479
256 258
683 493
481 821
299 484
247 426
806 501
420 688
938 181
276 956
705 710
536 612
800 830
849 896
105 550
839 375
75 458
576 239
777 66
849 71
691 644
599 279
748 947
514 919
915 460
496 244
95 20
62 167
299 531
801 988
664 418
985 16
435 115
611 893
635 464
451 969
639 568
388 802
329 421
41 121
773 840
10 968
250 161
962 347
161 944
165 920
259 95
297 272
652 414
340 402
107 121
895 224
813 708
1 564
697 865
576 128
61 328
724 504
652 365
781 79
473 736
93 215
278 971
562 126
641 629
418 710
984 270
261 780
723 177
227 798
727 649
124 930
604 372
72 861
759 592
846 297
404 772
64 737
124 529
714 359
681 630
846 344
576 332
614 148
817 118
727 495
672 863
471 173
662 382
279 810
447 388
527 422
842 658
440 686
721 867
333 29
280 87
335 755
121 835
388 965
122 643
928 562
671 282
195 469
417 51
203 974
365 9
556 970
977 155
959 31
469 85
376 734
287 50
697 228
492 416
682 880
95 709
977 820
963 873
280 735
83 882
134 402
697 454
716 486
403 315
204 210
302 522
942 928
507 771
271 332
203 10
795 846
868 264
982 272
506 73
811 659
666 977
922 583
8 155
136 336
209 782
699 931
40 780
80 765
689 673
65 131
692 899
514 447
182 593
240 834
774 885
631 654
248 333
992 119
639 131
805 893
709 821
143 352
837 172
842 242
534 132
884 841
410 326
818 331
505 700
396 309
718 464
666 183
44 263
63 549
444 553
871 210
180 630
362 881
492 960
400 606
99 894
620 752
885 442
915 618
129 801
148 123
612 544
366 955
765 30
177 541
107 860
237 933
197 957
162 949
688 239
712 229
199 489
57 48
802 862
539 884
649 276
321 379
817 606
109 508
704 968
967 509
164 461
512 187
34 691
516 122
423 967
228 365
407 28
854 41
274 117
162 26
283 193
957 24
178 921
144 521
40 970
312 815
924 685
939 506
429 552
982 316
242 844
991 422
739 89
903 960
349 936
942 670
857 902
549 984
770 535
283 412
143 952
766 169
740 964
120 709
317 885
193 399
399 365
509 493
93 238
900 660
389 380
260 523
746 680
339 18
172 892
553 200
258 500
142 618
710 918
107 367
914 651
761 376
383 714
663 260
432 977
617 558
83 134
945 231
68 338
138 776
516 762
262 310
409 866
416 206
451 251
380 691
769 130
367 439
902 358
181 319
777 536
903 72
119 583
245 952
48 460
50 694
380 913
924 712
136 703
911 498
841 530
608 355
972 764
920 95
636 305
198 892
241 223
114 39
613 79
602 240
753 324
473 308
885 923
445 830
446 457
912 829
730 92
547 574
792 26
878 460
554 270
756 1000
358 967
601 809
657 527
34 582
881 105
525 241
810 39
406 570
880 233
748 991
667 214
579 911
933 140
516 100
700 649
393 91
87 813
666 696
848 555
278 194
136 759
490 300
948 693
461 114
663 213
758 93
637 309
606 1
330 260
874 473
196 749
527 683
851 873
219 516
828 506
353 990
616 836
305 83
32 757
644 516
183 999
600 504
563 748
305 172
489 159
475 348
737 161
276 283
849 431
685 193
634 539
452 164
633 481
846 31
996 392
890 919
163 674
985 953
90 863
253 417
490 83
522 83
427 157
563 672
786 604
716 285
242 148
545 387
963 908
178 748
17 554
753 352
949 301
170 88
632 611
385 883
707 371
927 430
32 24
341 2
89 217
640 711
754 285
170 378
925 762
375 422
782 157
914 109
744 682
655 262
14 442
531 268
136 260
339 895
529 467
787 858
75 777
134 898
658 776
15 220
852 54
47 276
362 326
1 200
480 133
460 939
68 500
322 900
89 951
40 365
524 903
562 206
504 122
873 713
823 149
69 664
296 646
975 462
33 597
923 676
664 945
104 606
600 579
429 359
33 710
784 378
548 227
931 253
146 863
202 931
524 372
391 815
33 695
418 139
383 881
556 165
522 277
25 795
82 284
251 767
830 887
180 689
586 668
272 716
186 270
349 978
246 950
584 437
358 512
111 200
276 883
78 387
280 374
265 230
963 987
290 889
161 81
725 573
191 241
855 846
582 898
471 577
184 1
185 296
557 576
209 466
647 61
549 624
554 454
772 273
222 360
796 399
530 6
130 625
757 622
449 610
648 32
657 864
126 663
331 161
259 412
333 787
411 201
491 423
807 229
38 764
973 980
443 841
637 859
197 490
219 686
606 78
41 182
790 273
616 766
46 1
446 831
395 827
343 874
323 557
586 109
804 36
699 326
98 579
851 3
174 276
658 673
572 959
923 527
543 238
270 838
785 546
77 328
758 577
46 976
859 826
306 662
660 441
571 110
609 279
404 127
524 280
48 33
620 753
487 938
806 886
20 79
827 329
846 87
774 208
6 110
262 4
897 366
897 315
2 276
647 499
389 399
963 38
107 111
621 574
594 666
826 370
773 297
976 171
704 858
228 8
216 592
158 343
324 635
181 926
20 284
494 335
703 57
583 535
234 776
114 482
744 949
686 952
689 493
990 702
956 634
938 29
190 934
321 53
303 141
551 347
27 199
540 564
880 403
381 954
995 930
122 58
451 896
13 185
605 575
473 908
365 614
614 823
207 327
210 553
374 476
801 734
841 409
948 411
334 638
409 293
211 241
249 38
31 954
876 133
988 463
681 497
918 486
885 5
18 578
554 528
168 363
940 761
580 528
965 90
55 198
679 904
538 44
309 926
969 232
328 224
36 305
555 922
998 109
466 146
305 272
34 334
311 758
148 314
370 502
386 153
633 452
570 479
882 413
486 117
43 309
261 502
926 504
711 898
750 732
343 30
332 781
261 263
264 565
910 908
638 817
293 950
71 800
143 148
91 207
699 524
81 309
368 679
740 71
958 154
595 700
85 278
513 753
310 649
591 808
890 423
800 899
530 276
397 267
454 964
860 863
298 166
901 139
43 671
652 775
264 192
709 818
29 448
568 14
806 56
295 523
501 280
507 955
421 377
493 644
903 807
249 224
781 327
477 617
967 412
753 784
477 944
172 85
134 935
822 780
271 361
491 252
457 444
726 572
54 597
120 849
852 386
266 621
953 813
914 605
37 410
353 989
465 763
384 367
992 244
154 777
148 367
478 838
561 498
713 143
680 448
24 420
845 779
149 244
930 11
21 93
608 145
629 517
281 597
798 18
525 970
843 114
358 613
198 974
461 934
327 750
243 487
424 934
494 501
886 746
377 906
820 780
492 461
419 961
744 126
238 557
105 548
255 638
169 775
886 948
688 613
66 137
964 754
821 791
345 70
165 211
692 228
820 465
658 468
436 474
644 135
443 590
43 520
216 709
2 451
882 521
442 650
60 205
511 81
999 929
47 422
729 315
511 149
663 248
649 602
118 793
296 673
295 825
331 704
390 535
121 148
837 182
585 805
642 906
275 50
538 245
687 468
466 56
262 998
931 926
345 585
435 719
96 69
793 929
614 315
392 838
546 571
604 64
880 581
185 913
187 239
315 274
428 19
893 961
827 447
985 875
69 317
465 163
11 283
954 921
938 482
354 765
280 200
85 635
432 899
896 18
238 91
294 281
336 47
542 115
752 828
547 667
259 835
950 756
746 630
755 348
116 738
707 449
191 240
122 300
507 39
859 266
843 641
311 676
500 887
209 465
172 739
894 768
574 898
669 950
104 328
805 342
113 142
388 426
487 115
910 51
434 216
431 206
520 425
648 126
225 45
550 663
678 142
112 81
701 231
667 443
323 303
549 947
623 774
274 723
519 799
53 90
671 608
162 912
783 630
92 721
74 100
3 160
690 90
302 108
585 880
69 175
698 689
611 938
359 218
658 527
805 972
666 2
172 319
898 792
462 438
913 603
845 608
426 702
776 685
454 637
215 360
16 866
546 3
537 384
884 105
922 330
739 319
46 706
324 416
290 240
77 216
278 529
140 530
180 743
932 566
662 395
719 718
225 670
262 5
618 479
445 854
103 661
663 791
467 994
581 634
112 505
233 772
566 198
843 591
699 995
259 942
756 752
637 875
6 393
102 550
877 868
570 892
185 474
973 337
99 316
733 25
88 523
17 753
809 621
4 777
541 62
265 483
947 763
584 543
624 604
529 128
337 611
921 980
170 416
423 598
173 895
928 28
252 740
201 590
644 305
440 72
652 755
771 843
943 476
1000 766
360 605
142 181
701 154
204 982
334 861
722 919
65 440
818 854
982 685
549 966
827 748
773 654
9 593
141 84
978 547
649 513
301 270
545 720
86 667
857 678
182 563
218 1000
737 840
45 777
728 949
586 63
456 344
779 700
62 776
975 381
492 195
25 406
621 100
504 435
766 399
299 526
876 571
625 893
301 505
283 831
785 525
163 177
384 162
684 277
779 491
357 203
380 828
641 462
115 57
707 861
67 442
881 594
571 64
519 122
745 35
543 368
492 708
114 210
683 932
191 42
614 904
391 532
967 565
806 637
897 439
422 362
428 543
303 477
12 990
966 590
904 324
980 660
489 936
590 454
752 397
289 385
878 445
865 866
826 728
543 501
492 882
502 977
878 300
43 559
134 890
908 617
467 427
675 846
433 591
550 50
39 571
174 806
502 243
431 189
532 648
402 469
421 375
761 380
258 180
922 863
465 984
912 153
915 887
914 459
917 600
940 591
776 440
323 599
675 650
245 267
272 151
71 537
954 479
576 69
116 390
667 830
245 294
357 956
504 96
272 294
40 258
760 145
158 822
966 665
736 138
277 76
171 697
851 171
637 6
875 721
533 891
55 459
993 910
281 314
160 677
983 815
585 324
381 249
54 1
717 383
628 174
223 650
397 205
279 880
86 662
548 431
988 822
455 201
595 9
133 815
560 21
46 980
877 522
897 354
683 337
209 202
119 331
671 432
697 994
608 496
972 881
55 911
204 459
262 751
809 248
584 377
420 691
699 664
436 993
646 806
999 158
57 840
496 152
574 999
209 517
47 877
982 408
216 295
950 954
476 745
41 348
167 388
284 224
714 637
576 630
313 656
100 584
598 219
340 191
491 445
808 393
913 842
312 600
131 252
80 532
634 167
304 664
253 731
662 727
573 8
648 417
120 656
173 506
65 952
321 655
32 966
566 903
550 312
308 947
780 481
885 62
726 601
639 232
532 945
596 61
33 777
677 657
288 798
823 358
680 240
220 217
205 523
462 138
463 375
426 904
158 643
107 297
608 882
571 358
745 447
284 813
357 801
125 453
419 322
516 700
385 86
421 816
760 28
6 241
902 447
300 357
67 114
877 605
958 175
204 265
208 204
660 307
979 38
730 833
52 373
324 990
702 491
608 855
502 605
232 81
621 745
824 373
94 635
76 162
686 819
779 277
927 719
159 849
143 124
593 275
668 301
725 684
47 912
624 561
499 422
331 69
530 299
354 318
161 646
736 970
436 264
274 415
624 428
308 397
216 178
342 950
717 538
523 591
571 873
165 40
489 810
481 387
407 127
308 362
346 677
359 567
183 660
610 160
316 59
580 792
139 594
433 369
58 622
900 691
473 144
140 120
253 961
89 608
53 965
130 34
774 763
904 517
542 601
69 63
126 160
384 441
477 266
116 510
377 329
852 298
872 883
747 180
510 210
976 722
75 27
600 434
608 909
291 427
719 939
333 220
629 378
409 820
671 52
452 254
474 338
914 983
917 84
298 516
360 341
840 95
159 497
209 112
542 178
637 80
655 625
488 57
784 561
464 66
851 558
945 533
753 460
751 73
262 804
618 766
211 828
53 161
552 768
518 501
445 791
82 947
691 547
341 230
930 389
215 653
551 119
891 855
877 901
776 959
133 315
27 296
782 168
770 752
553 736
494 542
711 147
658 29
695 986
912 400
544 118
883 903
436 898
319 166
425 791
245 190
230 546
812 51
731 799
1 704
631 766
639 211
107 66
554 911
921 384
316 334
249 917
733 443
588 610
257 571
886 347
505 748
88 388
469 777
37 629
165 512
295 593
645 886
560 558
323 664
385 109
246 937
963 456
712 840
305 278
382 260
42 963
974 200
528 666
600 573
451 141
253 41
738 663
770 542
941 274
931 260
898 583
172 864
369 278
439 666
890 848
365 715
83 451
859 87
741 135
95 697
76 234
12 942
242 93
173 977
427 481
915 436
437 568
666 882
883 680
852 601
246 440
946 546
341 476
161 590
715 227
588 115
293 89
442 773
44 977
283 95
378 83
711 119
70 773
731 605
753 901
148 983
41 1
922 698
638 711
905 424
264 288
191 719
574 650
57 751
331 504
443 770
61 589
549 74
217 497
311 267
774 929
170 985
135 601
304 475
925 855
92 666
678 433
535 24
406 212
121 254
563 979
396 410
922 58
241 984
41 989
504 97
953 668
220 101
671 645
22 29
867 726
357 780
811 731
495 146
831 532
633 373
797 900
409 835
818 481
567 62
590 837
594 120
676 662
457 728
669 507
816 17
963 194
634 342
967 762
778 85
422 983
154 715
727 154
401 622
68 644
539 817
425 497
557 456
65 906
998 730
52 176
125 582
329 877
826 411
241 73
660 111
833 397
981 893
53 266
554 481
169 773
441 744
100 875
941 843
375 435
471 924
577 574
26 553
479 497
339 546
179 377
683 991
627 971
482 38
526 101
88 913
98 564
666 616
651 310
536 950
624 978
771 431
735 998
575 585
249 115
106 940
144 129
731 839
388 217
532 796
187 293
334 692
652 361
818 65
784 945
210 247
988 433
550 648
383 425
205 953
334 295
61 437
780 389
213 746
55 155
81 516
98 698
82 215
923 439
905 896
784 95
726 914
798 432
819 631
803 90
572 773
297 858
519 270
611 761
457 598
231 728
615 206
271 577
201 413
99 838
44 61
11 140
216 938
876 802
827 302
132 680
134 74
562 541
376 516
307 642
860 302
938 480
864 920
333 687
542 113
29 66
364 599
664 415
703 6
778 427
601 580
801 26
180 65
787 475
938 149
32 456
696 927
750 214
881 421
458 510
901 176
26 666
613 870
325 622
198 500
805 340
293 384
332 362
946 490
85 46
378 24
786 3
761 221
91 757
455 364
566 863
919 317
892 513
394 916
481 386
523 945
490 720
993 303
776 275
78 255
933 419
496 720
244 790
151 490
27 824
212 244
841 220
936 232
865 198
206 462
268 149
361 931
112 543
274 770
650 909
525 507
729 672
859 529
126 48
111 708
37 545
993 235
296 613
780 143
249 587
124 561
874 583
21 29
230 173
659 663
570 454
197 702
647 206
957 850
135 506
67 448
784 488
551 562
559 115
584 69
217 540
548 480
751 219
94 826
686 626
319 79
46 781
856 234
858 287
74 782
91 228
86 821
310 902
648 625
385 637
152 352
355 827
104 121
364 699
328 609
780 281
829 543
631 407
603 254
278 92
125 526
181 780
61 742
302 752
714 720
877 900
156 454
994 672
920 515
207 701
618 800
69 700
730 358
165 233
478 96
977 583
959 48
486 607
412 278
535 672
134 815
710 462
929 533
948 503
531 329
202 241
493 558
153 531
596 289
762 9
356 890
179 803
311 294
667 54
580 893
123 974
736 531
53 951
921 391
813 753
28 635
50 159
514 284
455 916
447 972
701 860
187 474
769 759
982 879
586 140
110 710
917 292
19 985
27 546
693 845
219 986
419 140
495 889
741 625
104 131
638 203
844 170
337 921
558 264
686 317
953 358
814 59
604 94
896 271
971 837
462 268
194 950
30 48
590 8
315 570
389 351
566 49
52 72
147 357
760 674
823 187
604 787
916 407
989 807
134 316
190 977
398 449
129 604
350 990
556 797
575 3
422 78
377 604
449 447
844 224
118 453
835 511
899 602
277 978
721 388
115 908
1 912
753 43
852 969
414 340
286 915
389 890
530 53
14 418
643 494
990 955
539 257
101 912
501 150
378 963
786 474
201 842
792 887
558 910
852 175
620 451
948 634
17 168
2 284
524 697
62 712
157 928
430 108
947 258
567 629
515 966
952 748
5 808
944 524
968 99
235 133
879 948
554 755
860 118
767 227
325 412
862 717
222 556
760 147
903 373
637 723
547 215
729 664
159 5
785 606
223 790
309 680
353 700
46 676
944 505
563 609
840 186
957 809
428 185
671 15
451 104
931 338
661 37
383 857
500 731
677 991
197 517
823 881
572 567
976 840
828 937
759 631
560 23
466 550
512 426
921 833
589 148
739 763
439 761
464 11
618 344
579 34
484 966
450 210
547 736
376 120
199 429
660 961
256 263
649 336
468 562
431 686
436 16
720 107
759 266
119 107
565 125
605 928
807 912
938 65
702 190
740 501
997 908
433 655
179 351
436 310
240 159
896 246
352 825
263 312
463 543
981 94
703 692
198 280
400 495
860 941
611 497
922 620
80 391
833 95
835 761
515 759
628 788
130 651
725 202
809 691
886 119
83 262
285 657
198 85
500 574
607 315
295 933
386 67
439 539
689 922
546 997
728 960
175 463
649 680
488 756
340 381
110 783
440 887
352 67
374 478
427 531
570 4
34 403
509 243
384 334
873 368
102 98
380 640
681 633
281 363
853 795
73 713
400 631
612 954
439 910
613 463
617 772
455 635
363 916
33 331
840 37
513 193
306 833
772 842
318 692
263 365
985 921
452 442
823 853
111 103
441 79
206 841
904 157
694 930
401 585
147 157
792 166
439 733
133 914
815 714
719 559
502 595
678 630
350 519
816 747
194 51
463 123
386 789
682 780
441 666
43 826
173 903
464 277
247 58
564 232
600 989
877 927
66 232
288 146
950 900
574 16
484 574
485 835
491 266
754 396
260 879
155 83
999 626
122 34
182 776
458 32
473 328
729 235
269 120
507 725
537 984
614 670
28 481
36 980
994 176
965 977
253 991
144 125
937 379
53 963
936 233
404 967
616 881
299 452
177 251
337 28
452 843
126 166
1 309
384 443
224 186
941 249
563 699
159 76
586 248
144 283
6 279
975 430
853 846
214 692
989 286
66 358
276 479
846 977
457 923
638 484
695 172
625 944
629 984
820 643
287 718
988 841
993 549
152 67
172 894
104 214
195 39
103 662
471 402
98 588
440 318
444 416
512 402
57 59
510 767
704 862
363 743
806 423
440 28
403 400
392 908
782 396
217 942
234 884
678 749
994 739
129 736
646 335
636 119
464 753
32 469
740 451
989 156
84 425
946 572
666 911
189 242
464 543
342 976
722 655
368 123
386 886
869 961
598 257
752 209
383 189
259 13
957 126
634 221
942 274
246 239
763 307
47 490
643 147
221 419
376 308
390 506
89 721
108 370
59 313
975 255
567 897
954 454
903 134
495 922
631 542
905 846
909 814
732 887
288 856
571 307
534 165
724 787
267 498
215 408
509 187
629 154
421 869
558 414
337 362
375 726
301 207
174 423
694 302
56 750
577 864
148 328
15 534
384 84
833 110
647 45
760 965
465 95
319 140
413 215
106 347
768 970
327 625
937 965
111 46
224 835
522 297
834 583
779 202
837 592
740 289
242 26
668 706
464 32
1000 242
802 408
368 588
920 979
315 795
82 514
781 814
423 312
359 774
218 554
604 899
572 461
313 302
759 289
322 164
547 549
930 423
531 262
242 335
243 730
813 949
911 957
436 339
926 131
781 609
801 291
216 253
210 288
844 455
442 771
798 161
922 521
430 288
252 634
951 902
143 709
331 365
593 594
978 992
944 848
585 308
69 433
605 543
17 30
109 944
799 717
558 911
687 105
134 923
545 512
71 500
904 857
992 571
511 253
295 896
296 994
203 494
382 874
383 439
505 285
704 646
576 88
685 282
173 198
619 26
875 948
966 269
552 465
590 681
292 852
945 6
139 203
861 331
361 463
110 594
260 935
183 130
349 694
962 835
500 774
375 698
250 813
569 995
589 544
291 357
943 226
191 841
271 668
935 645
628 169
837 561
336 281
544 798
462 361
968 174
38 520
439 587
243 378
559 810
33 392
307 729
548 569
453 827
646 90
59 604
390 936
541 744
307 420
817 490
433 940
266 368
90 493
109 447
385 725
281 996
263 716
69 849
565 124
53 264
773 15
597 331
281 917
551 398
259 278
545 849
963 574
269 369
967 94
313 187
122 15
50 352
108 46
701 223
758 400
504 963
329 312
973 811
978 599
588 485
634 21
248 456
895 238
127 112
109 549
974 731
60 47
279 271
193 586
585 856
131 812
650 772
79 98
953 797
652 250
685 467
624 257
867 615
780 22
913 627
291 35
976 745
156 345
385 759
577 526
418 717
757 269
813 107
279 691
926 282
934 653
106 497
90 538
197 966
290 232
811 598
24 388
977 354
832 619
138 436
876 796
327 936
517 648
703 733
554 714
34 967
162 240
825 944
354 350
347 308
811 133
321 401
655 828
677 724
289 243
575 245
850 564
464 391
927 712
125 616
753 263
720 72
96 850
248 953
137 176
20 437
748 638
554 451
424 676
781 600
285 905
734 712
56 431
759 15
569 862
252 563
861 731
716 194
420 775
723 678
544 51
908 556
971 232
867 452
273 227
277 747
804 764
141 552
338 135
610 191
118 974
895 130
60 51
596 237
541 700
945 275
504 189
194 749
296 841
486 76
503 934
508 524
328 378
20 528
165 617
687 500
841 60
509 150
662 446
477 440
408 161
228 610
733 255
908 342
529 911
90 591
626 653
291 428
276 472
20 785
261 524
952 568
533 176
861 323
457 517
722 11
734 274
537 166
846 88
688 22
980 806
716 901
129 852
4 576
918 724
812 431
480 960
264 749
156 395
764 848
410 951
552 884
312 249
228 53
835 231
393 88
782 482
693 205
271 27
399 86
811 126
538 792
868 101
7 621
309 529
967 883
846 532
523 531
89 235
108 705
809 738
645 12
504 636
556 601
127 500
493 778
834 198
801 503
905 706
173 541
445 472
429 947
909 361
625 164
700 449
339 775
491 164
644 776
662 884
326 886
274 981
831 799
410 309
896 628
700 150
461 678
154 830
652 17
858 778
909 958
380 602
254 103
680 346
667 628
262 296
814 773
619 351
582 353
767 815
789 201
625 894
243 67
614 86
392 657
585 428
604 88
966 595
202 996
722 239
996 402
125 236
287 685
698 4
717 434
315 572
194 807
466 576
177 563
937 853
773 487
59 584
180 485
788 228
592 813
609 897
77 939
9 219
440 391
13 643
587 610
554 377
152 749
299 270
651 757
800 809
432 685
752 562
700 818
475 577
319 720
154 264
394 761
593 26
70 178
844 113
791 602
284 152
514 829
625 102
218 404
240 196
991 115
298 492
782 58
235 827
36 696
537 885
643 488
810 323
723 606
155 26
395 523
30 834
934 800
574 267
499 623
302 206
79 792
465 988
637 798
1000 779
586 460
790 210
480 255
853 690
712 570
148 534
247 435
956 189
524 921
301 16
231 979
966 258
328 178
615 41
373 398
490 234
456 86
44 197
300 95
284 884
728 546
971 914
309 295
759 851
376 892
76 57
660 382
935 644
206 960
134 109
272 742
591 471
687 619
150 667
686 569
176 258
416 57
16 731
788 607
528 965
786 598
109 301
389 83
670 252
630 736
80 204
504 423
57 844
385 837
282 555
985 488
735 188
437 537
259 281
248 892
606 427
346 549
898 161
467 331
620 259
752 139
182 802
628 790
790 557
477 894
969 134
688 983
982 745
624 981
951 538
4 257
279 153
282 239
725 185
645 105
535 456
663 247
350 278
853 741
781 72
452 706
533 743
199 567
115 520
667 865
465 585
407 682
31 782
523 645
785 286
400 828
673 666
993 83
63 697
463 371
508 600
145 520
310 450
775 780
651 258
814 978
422 923
634 569
103 398
676 806
565 415
883 218
978 186
873 400
157 375
487 956
381 153
254 921
129 222
93 517
630 296
890 949
172 148
29 829
525 920
195 77
640 206
751 192
488 778
389 405
928 585
987 86
660 112
85 503
671 400
640 492
698 286
366 384
259 966
372 785
104 175
218 187
570 980
418 102
350 807
960 535
479 65
762 687
464 678
892 318
809 790
752 187
540 898
126 665
36 609
26 443
763 184
859 954
531 302
377 86
127 134
336 504
93 456
154 275
748 82
733 290
120 415
2 194
774 876
611 858
940 636
443 956
727 836
411 410
340 300
536 279
50 841
788 943
793 791
210 899
983 540
508 636
783 896
497 757
645 943
461 786
862 538
832 729
28 982
984 900
659 664
220 334
681 996
741 316
922 454
29 656
396 993
471 63
560 66
381 478
52 422
294 431
333 395
998 391
584 471
397 942
146 750
552 885
160 830
688 381
207 920
247 107
817 672
851 897
726 255
325 702
167 507
631 182
632 784
728 463
85 94
326 280
808 551
90 112
5 381
824 688
342 982
143 739
184 496
593 628
972 886
5 654
464 928
429 946
305 620
198 241
114 74
701 6
76 385
501 32
66 543
31 531
876 108
204 689
101 859
891 617
340 465
219 640
454 297
378 767
287 219
469 676
476 128
645 737
476 133
82 969
681 661
650 940
126 621
84 700
269 606
823 219
861 388
673 758
729 818
144 402
150 402
577 870
642 826
667 719
495 88
78 176
940 59
119 604
135 475
159 465
385 444
523 114
500 625
752 966
988 734
668 732
526 678
506 613
911 360
937 741
76 151
595 725
869 478
425 664
556 792
802 376
824 160
535 882
385 888
468 767
850 226
434 443
610 544
222 298
799 958
356 596
433 753
216 255
131 374
95 73
867 32
118 250
643 706
981 40
765 833
434 157
550 55
37 64
520 102
250 706
304 753
920 529
709 751
752 78
625 464
628 977
554 988
631 734
391 495
799 498
197 428
975 221
188 161
232 881
654 386
602 883
931 795
211 497
12 198
870 112
89 973
989 162
240 623
519 657
131 720
742 474
619 429
369 176
839 672
385 77
741 658
966 51
417 348
239 165
738 708
868 619
182 952
483 719
150 553
870 344
756 279
538 718
712 213
414 797
436 389
38 921
405 582
545 299
484 961
217 714
151 715
740 455
178 743
363 673
881 300
646 378
830 487
156 146
284 479
782 330
839 367
973 485
354 279
925 322
322 313
677 481
317 498
299 523
598 109
506 61
89 83
550 192
844 485
907 385
920 374
961 7
178 811
307 437
255 299
683 574
188 496
876 37
236 388
313 885
908 872
122 495
892 735
361 980
775 179
992 985
157 897
804 722
326 812
308 815
166 645
460 930
45 844
128 13
793 826
888 376
211 397
999 412
343 664
71 798
684 331
315 296
727 487
715 473
768 662
950 130
168 726
868 527
940 108
872 586
85 803
820 682
983 206
106 270
209 15
195 76
876 941
269 938
661 183
864 813
354 759
377 846
764 846
730 842
693 326
252 26
713 536
164 192
38 901
940 350
981 571
211 807
806 446
698 287
497 243
454 693
423 842
566 286
255 907
644 444
403 486
906 499
450 74
947 741
489 875
728 500
85 185
1000 864
865 685
959 987
49 920
475 673
284 193
308 719
22 565
204 936
212 360
65 470
799 775
433 394
360 154
409 417
411 383
676 417
184 563
170 522
527 970
932 892
257 902
224 351
80 787
892 850
956 247
687 257
111 595
709 907
477 261
206 381
634 376
980 364
989 856
486 221
788 543
348 22
979 940
806 911
747 964
440 628
687 581
760 61
922 340
941 408
447 339
214 570
162 449
835 366
78 85
409 680
928 648
450 452
340 848
471 62
533 47
661 90
591 281
595 986
16 661
186 301
189 730
323 140
608 462
40 652
424 981
132 430
202 679
470 658
877 862
472 813
604 750
25 651
85 379
103 966
566 506
843 675
55 867
494 449
665 987
631 256
333 637
262 571
452 152
929 862
839 311
273 786
545 197
856 645
117 589
169 725
861 652
678 962
237 370
184 258
682 1
39 700
939 498
632 896
598 149
66 890
875 496
105 768
198 359
878 645
460 550
227 309
212 455
808 326
757 877
832 348
635 257
586 327
666 883
198 1
757 798
593 789
905 657
709 667
992 897
595 348
504 219
451 564
527 607
755 610
735 728
314 868
97 92
335 206
577 933
775 710
282 361
926 694
672 945
231 830
771 935
976 691
6 912
664 482
120 137
84 556
747 292
768 687
607 816
370 497
558 268
266 180
530 937
290 46
73 646
972 534
699 182
617 961
964 178
215 104
276 220
901 257
174 259
394 163
931 408
695 339
384 885
320 883
462 562
640 38
995 442
43 89
209 369
63 106
929 24
252 433
465 28
660 920
241 160
901 466
108 656
713 818
753 205
644 372
717 874
721 367
748 576
271 287
238 998
696 202
701 327
647 801
752 353
571 807
992 720
614 891
210 629
355 356
106 546
360 718
144 779
477 905
923 19
339 984
605 397
566 957
862 4
610 101
887 627
247 720
620 731
434 847
680 907
867 511
444 276
676 395
909 254
639 67
235 377
866 829
776 525
159 112
794 433
279 571
747 371
487 692
272 427
59 917
614 225
391 946
819 911
162 406
721 749
404 79
851 286
324 486
716 928
129 240
167 792
388 603
263 391
82 304
409 608
820 582
879 485
699 835
607 970
43 167
228 233
413 41
752 995
773 473
519 229
595 515
281 719
621 767
363 787
143 241
683 484
685 526
800 728
785 294
592 922
864 735
21 689
556 765
631 347
29 155
639 892
14 241
612 36
781 561
759 36
725 500
680 903
692 227
856 802
913 266
739 8
647 773
209 793
750 496
296 163
294 658
558 575
406 312
799 691
236 389
39 938
541 548
197 510
824 279
370 994
500 161
980 107
72 616
292 149
466 416
754 894
476 73
357 628
645 824
244 221
64 331
107 525
451 413
90 711
144 307
163 17
555 787
811 685
349 358
483 780
615 79
790 79
106 109
608 999
615 220
998 44
838 840
99 845
147 451
77 190
439 571
996 340
814 541
854 606
214 505
841 577
751 194
696 727
324 760
833 578
246 569
787 33
90 175
821 33
337 652
212 1000
319 820
857 501
90 460
212 627
564 244
830 65
783 10
751 646
222 336
848 175
175 723
43 847
338 853
433 687
520 449
908 600
856 345
425 139
12 346
825 482
610 856
443 611
645 149
133 483
148 916
535 264
402 388
496 503
306 328
297 234
248 632
799 663
895 830
575 616
839 807
295 837
41 894
226 290
923 328
122 371
451 360
624 209
257 822
365 813
315 248
581 269
966 313
418 739
735 628
701 676
336 920
558 23
502 33
932 456
36 261
618 149
954 243
737 225
868 605
390 423
709 139
718 251
650 379
465 119
907 408
823 772
516 956
702 687
578 969
225 663
462 676
461 472
806 761
864 970
478 980
793 450
427 76
53 58
399 34
258 578
211 699
547 700
750 405
551 156
664 448
703 33
9 13
265 411
412 222
858 58
180 34
130 779
182 1000
117 905
835 262
378 359
144 755
713 998
283 216
514 852
627 537
244 691
196 830
184 498
207 478
926 513
762 931
869 973
31 652
255 482
481 417
123 596
135 627
980 60
875 174
291 817
588 521
917 589
761 75
413 766
340 322
917 702
766 295
665 339
477 360
408 273
852 340
819 517
659 984
349 686
543 202
654 881
162 371
695 31
275 592
387 830
63 977
157 396
694 221
950 75
418 88
993 980
747 699
262 73
765 72
103 545
289 103
238 312
152 419
723 918
742 888
263 433
176 281
927 990
363 921
396 790
570 57
642 602
721 51
433 380
281 754
980 948
267 515
203 897
866 977
208 25
150 988
464 435
204 712
435 410
323 504
553 923
286 741
241 167
385 717
243 561
659 227
735 308
256 606
630 522
8 495
450 796
74 656
735 325
458 307
97 721
792 559
332 344
317 492
502 40
910 67
232 818
701 326
922 533
473 371
631 613
316 155
669 665
156 844
69 445
628 407
409 408
338 462
174 920
692 989
841 445
58 945
84 909
32 544
762 273
884 756
740 880
413 706
31 791
412 827
453 193
202 323
3 270
426 863
12 192
797 83
310 485
315 401
888 461
7 447
482 674
124 519
859 604
785 593
718 273
41 737
816 297
548 240
453 628
335 624
225 185
305 389
639 853
864 148
299 163
637 417
414 240
287 642
629 10
111 78
561 805
619 9
30 416
622 446
641 205
806 513
294 501
427 148
237 245
309 152
293 547
21 532
540 612
522 43
42 319
398 422
813 398
20 476
717 786
172 759
817 750
772 294
281 921
565 233
416 944
231 825
248 895
579 965
963 546
269 365
294 768
65 456
472 502
550 81
5 708
959 647
249 132
340 53
553 476
292 432
313 891
633 878
904 818
245 112
466 383
247 518
198 78
32 49
40 56
59 500
520 866
169 340
285 897
743 294
818 123
583 313
234 896
804 442
790 253
349 67
780 749
331 841
667 787
561 308
780 18
604 334
605 35
788 517
435 727
845 628
516 532
846 311
791 370
465 360
374 984
267 62
917 456
534 507
55 292
873 405
727 342
916 135
78 238
6 123
324 422
986 335
290 454
312 370
590 69
237 643
172 806
726 389
255 855
341 803
688 332
601 733
74 871
162 838
897 496
1000 93
985 790
694 705
311 999
498 711
541 82
526 958
878 397
610 631
536 846
299 728
977 431
861 678
806 233
735 157
627 572
518 701
721 455
575 292
423 571
236 641
818 731
36 620
716 254
619 525
654 60
657 232
51 105
568 445
177 679
259 20
767 354
145 429
520 143
99 975
927 512
861 874
808 138
202 441
634 420
466 498
349 423
667 846
139 297
748 371
197 243
163 447
326 921
898 54
610 268
258 409
442 234
561 336
600 266
693 883
822 665
96 121
966 799
512 555
575 584
58 898
747 722
794 281
816 241
923 695
675 54
551 603
328 939
326 714
813 220
870 407
176 239
220 760
239 76
885 762
245 859
926 20
30 105
416 461
215 55
842 783
440 451
439 655
526 713
739 566
557 505
336 3
906 179
782 486
910 731
233 669
416 171
919 667
721 240
631 365
47 972
569 68
734 910
950 603
2 221
406 933
262 569
365 663
564 201
289 509
293 477
574 934
332 309
768 610
283 219
446 309
412 509
674 520
327 242
679 281
170 315
269 181
397 448
221 668
22 983
4 166
208 521
471 734
239 1000
368 207
636 568
784 721
359 387
553 20
597 835
546 951
88 365
841 273
917 588
130 110
495 560
885 988
64 406
637 999
339 28
265 73
461 721
643 793
616 850
983 588
378 621
885 903
888 434
851 38
211 327
84 703
714 338
685 136
81 983
499 64
879 968
708 372
102 47
68 235
768 673
578 382
479 659
595 154
337 254
909 668
381 237
682 762
580 221
360 440
31 263
536 347
664 144
594 433
466 572
731 200
879 48
349 468
945 554
461 698
603 50
36 216
694 879
113 109
1000 6
108 515
15 465
826 398
655 225
158 459
180 7
388 75
955 863
703 213
282 723
561 708
716 32
562 954
691 290
448 608
730 324
293 66
765 637
78 956
332 681
566 657
543 246
187 560
648 62
705 51
541 429
389 576
197 375
35 612
861 944
878 534
969 375
867 400
596 178
283 891
913 872
770 787
348 779
645 689
855 669
301 507
340 359
923 753
954 487
644 639
636 782
779 720
687 315
410 277
709 415
489 244
839 524
130 148
832 870
67 723
270 916
895 309
791 478
645 578
577 982
944 511
945 906
177 480
193 951
71 964
208 442
760 119
119 652
210 360
690 606
485 34
529 740
900 61
992 346
367 66
206 964
544 787
651 73
444 969
952 858
968 211
682 609
204 285
901 641
59 738
119 466
824 498
313 672
337 789
502 585
267 558
90 71
481 262
551 214
551 297
661 370
39 2
665 631
635 929
137 612
341 822
640 435
860 534
729 946
633 342
27 459
924 891
274 679
530 478
395 722
418 769
282 826
303 223
506 457
632 557
570 542
934 23
444 235
866 441
132 21
226 984
579 964
85 19
549 676
147 447
675 786
490 697
435 237
348 602
306 794
689 690
669 636
452 552
877 505
663 130
766 563
273 292
516 352
448 120
45 824
886 893
148 583
609 694
549 910
533 596
719 185
116 482
712 681
585 189
839 752
160 599
955 31
594 821
335 817
374 985
286 367
219 792
715 959
918 880
560 892
318 604
661 213
433 290
975 758
141 113
893 73
395 290
803 417
864 177
812 49
707 797
417 95
57 432
298 842
752 769
259 957
225 875
11 384
756 532
635 547
817 696
30 703
512 170
588 381
694 903
170 34
942 828
719 533
412 107
878 402
203 182
645 19
438 939
673 330
213 113
806 238
481 697
632 871
808 478
695 974
460 867
494 757
5 662
545 993
469 313
418 294
292 326
934 797
593 925
832 371
697 239
662 651
512 26
658 866
628 532
188 245
214 935
742 115
573 262
850 397
175 659
712 630
823 322
71 729
954 415
537 365
330 469
558 21
908 65
600 267
236 943
422 808
847 249
335 789
563 558
177 479
470 548
767 822
626 646
828 666
414 599
361 27
346 353
620 784
3 756
208 386
595 878
353 720
764 911
586 599
257 353
24 20
924 767
855 401
33 474
307 743
769 462
463 733
708 213
209 470
533 270
314 975
431 767
695 622
54 402
169 932
811 117
583 521
803 921
311 970
627 765
185 338
561 735
85 233
947 706
434 403
307 163
569 180
893 681
756 782
378 212
14 94
951 779
848 796
905 299
639 532
951 952
130 730
407 42
126 520
58 808
334 981
781 601
710 336
107 173
877 449
796 937
257 24
321 591
89 731
75 600
349 25
757 140
297 486
879 921
366 708
717 461
875 974
268 176
663 281
22 387
56 745
577 600
390 359
784 158
93 822
611 681
914 350
803 27
484 340
115 147
707 951
301 858
547 30
489 458
886 891
716 164
440 642
849 346
25 808
944 50
760 346
492 686
972 608
440 369
148 34
557 314
245 830
817 405
637 12
674 502
362 634
642 600
302 970
346 22
128 333
42 271
333 316
237 615
190 159
29 3
32 297
985 757
952 490
860 563
111 379
937 501
702 133
338 904
981 227
700 958
352 788
668 156
562 955
9 777
213 41
485 820
524 259
401 87
672 412
153 726
674 668
731 597
861 542
329 437
701 181
403 622
743 606
47 39
140 331
583 49
70 908
199 808
718 808
700 371
653 806
10 939
782 857
791 21
887 588
28 551
639 255
382 876
537 523
248 144
410 227
603 774
35 210
984 40
391 137
547 335
141 418
35 163
128 975
736 276
4 286
118 580
712 797
175 647
77 437
850 119
334 28
690 716
68 200
860 60
550 800
741 751
621 841
380 857
251 859
441 203
449 592
841 431
21 304
684 16
522 247
11 326
287 541
419 749
650 19
686 685
752 885
57 117
612 449
668 595
494 269
947 304
541 76
299 353
191 343
104 199
470 266
308 465
492 342
477 550
994 752
872 204
873 533
556 100
934 20
602 364
373 791
579 596
321 868
769 673
32 241
588 798
754 498
299 813
875 330
822 634
236 384
499 590
830 950
83 271
249 123
451 723
692 947
161 829
936 101
420 94
408 574
637 829
291 203
790 243
124 839
322 907
999 408
802 564
392 145
598 894
638 187
681 610
974 259
822 495
766 95
715 783
923 858
433 649
965 459
125 62
54 250
958 540
851 428
284 635
746 314
394 151
379 447
999 201
966 815
969 240
632 317
318 270
85 513
622 344
90 169
535 885
495 370
172 314
834 824
673 254
410 972
68 736
642 691
717 205
756 533
777 136
707 459
303 412
38 155
612 116
80 173
539 563
743 819
782 213
930 600
88 660
646 388
795 858
333 951
194 351
416 845
145 129
878 749
237 283
420 781
972 338
313 699
153 654
868 387
635 392
213 850
806 168
587 139
477 861
443 725
279 75
710 373
748 56
839 147
424 230
247 740
965 841
982 633
184 678
900 676
338 295
249 896
931 838
469 651
328 273
183 909
314 844
885 19
135 814
31 233
593 836
310 304
296 734
746 858
672 937
50 981
345 995
348 18
408 167
395 99
129 19
93 834
133 571
998 207
778 834
818 417
288 250
231 756
968 14
110 511
127 551
872 682
580 251
958 760
674 352
177 696
140 516
824 589
271 722
778 130
335 731
752 991
346 128
534 591
494 120
29 909
30 510
878 226
36 511
95 668
756 762
599 28
414 14
53 168
698 319
39 453
557 520
838 847
30 664
971 362
19 105
938 113
1000 458
639 817
843 820
535 986
57 911
331 24
313 501
152 949
597 269
781 630
698 70
382 693
75 31
204 889
830 157
958 342
338 711
925 695
58 838
131 174
387 56
706 262
305 615
431 163
933 109
592 417
355 477
259 131
5 939
945 416
266 42
913 898
400 91
352 292
760 417
905 529
306 987
496 579
981 358
443 769
855 524
861 110
864 318
88 235
315 118
980 396
710 797
289 535
514 40
884 32
598 901
660 155
301 200
324 127
805 712
721 645
405 218
29 734
674 277
712 960
343 418
2 662
24 450
464 249
776 55
343 19
897 227
203 676
189 649
272 783
590 131
746 389
747 868
384 760
650 207
688 278
342 75
179 837
854 470
386 523
324 977
754 154
497 387
482 313
564 175
13 927
863 413
277 986
853 738
264 203
764 310
178 945
621 91
736 907
876 197
852 100
454 221
518 522
652 536
155 16
982 711
566 774
951 524
460 725
317 828
729 292
141 257
457 425
774 926
596 188
979 300
156 621
492 385
770 785
257 962
865 149
594 557
466 440
31 784
948 864
932 45
475 394
917 735
666 465
552 93
567 787
183 106
166 892
997 658
192 455
871 185
846 329
6 880
558 445
998 4
283 801
486 360
201 488
756 126
115 110
371 24
499 207
279 789
945 793
285 344
327 957
186 414
758 848
534 644
152 386
941 766
64 862
590 489
772 636
994 828
115 317
459 99
320 851
584 276
68 653
254 720
422 396
78 546
775 392
781 843
285 156
199 314
624 404
612 81
778 271
483 31
670 369
90 359
44 312
705 834
544 320
63 360
393 372
584 577
15 213
56 410
683 791
497 312
597 197
134 717
304 948
450 750
126 871
472 74
236 227
381 902
648 77
188 286
243 989
504 603
303 63
700 673
870 753
541 399
283 419
839 174
87 965
348 715
495 660
559 95
257 1
892 724
16 437
21 216
18 735
936 102
644 831
460 840
46 241
527 610
89 530
19 827
314 681
296 852
315 208
889 59
905 830
304 335
602 848
338 701
988 313
515 187
409 4
157 702
382 107
96 80
991 823
996 739
244 72
465 365
124 550
231 834
968 388
93 893
244 511
615 216
672 876
487 549
831 384
561 100
870 494
727 339
158 58
324 454
128 121
973 732
868 667
176 341
183 868
427 100
907 350
582 732
472 635
533 488
94 726
111 220
646 57
635 990
411 744
267 588
850 559
997 300
48 637
640 401
551 69
458 404
204 112
77 766
958 89
687 517
816 626
981 792
468 717
711 387
753 137
91 558
223 37
427 920
982 434
325 597
18 127
811 900
731 909
709 636
186 825
691 284
400 451
25 831
184 474
203 406
425 912
988 336
692 882
640 989
607 97
558 607
134 971
467 218
620 492
457 315
205 882
989 562
249 22
601 297
931 760
809 212
342 612
810 551
723 890
102 341
153 530
782 641
182 477
843 437
832 898
157 785
277 714
789 476
239 405
757 456
230 544
749 852
309 586
610 169
471 215
201 471
721 664
387 966
543 99
971 848
133 587
906 973
510 670
229 18
766 203
110 367
846 163
629 593
522 317
814 573
671 348
287 583
716 635
321 453
52 339
994 808
391 393
755 148
78 491
100 103
582 843
215 790
308 116
163 683
315 868
523 443
946 552
307 820
476 901
367 568
835 266
201 911
288 71
642 767
494 437
246 426
342 488
14 92
184 263
826 698
829 361
903 934
578 171
339 114
480 210
952 780
862 243
644 66
517 476
153 617
83 744
501 185
378 948
855 682
236 442
991 314
497 81
334 987
210 541
619 891
140 304
123 616
269 916
456 613
199 727
425 686
444 158
616 695
908 813
781 57
300 957
487 425
415 412
309 953
183 912
909 248
349 392
357 909
837 115
269 711
202 698
455 796
849 557
74 941
174 316
489 174
469 896
552 396
845 569
846 370
86 279
280 847
353 687
337 354
161 281
637 695
28 897
399 590
241 654
591 218
32 789
907 43
694 209
197 903
988 950
101 251
712 80
393 819
968 186
641 116
137 145
366 241
917 239
493 274
275 419
793 418
617 230
712 270
129 570
998 564
846 968
522 898
579 207
622 115
638 193
720 23
902 953
707 275
485 625
782 227
144 723
181 664
826 751
421 137
869 523
990 785
829 397
153 724
671 979
921 110
100 607
788 560
326 393
4 133
889 339
982 708
438 614
35 502
880 137
123 997
469 721
788 783
576 33
761 107
301 504
818 34
88 507
732 956
37 398
334 99
594 957
90 748
434 682
552 473
292 860
311 80
663 319
650 586
353 858
175 641
559 623
484 395
533 553
625 999
718 132
626 717
180 563
807 502
936 741
901 637
162 117
608 173
746 343
806 517
937 698
954 888
702 506
370 67
254 721
930 336
380 287
878 10
56 189
310 758
459 136
242 280
208 904
482 363
924 886
411 813
319 876
507 132
15 167
792 480
705 833
298 169
688 529
48 944
290 981
995 8
577 444
981 101
530 255
248 748
164 385
492 118
517 387
192 858
201 668
649 868
687 932
374 481
732 755
205 845
496 351
888 561
127 217
66 577
892 725
549 20
255 55
630 65
601 381
438 876
956 233
121 160
586 122
733 505
236 567
846 122
757 499
581 165
2 906
77 454
3 511
903 336
708 312
417 385
893 232
119 764
401 917
974 14
104 730
513 216
501 989
910 929
713 433
751 201
96 588
152 415
998 402
11 356
915 826
831 246
530 543
536 180
137 47
435 484
184 14
557 691
317 334
726 234
597 885
803 847
682 132
856 687
764 264
378 191
565 201
291 732
734 688
271 338
778 514
657 851
770 658
787 816
976 139
387 222
189 86
502 135
231 511
13 136
588 828
683 528
429 984
291 907
718 870
891 376
38 198
975 168
396 118
199 643
572 255
140 12
540 411
173 356
446 808
876 262
325 57
480 190
314 829
315 108
103 197
267 595
515 295
720 819
756 145
974 840
723 456
742 484
28 668
704 191
512 559
953 523
591 193
6 825
867 873
447 345
784 339
93 548
253 26
217 333
354 947
964 68
676 720
146 967
510 522
299 239
431 922
68 800
203 523
811 840
884 386
759 566
925 192
854 750
581 622
968 893
254 670
829 932
530 515
603 91
566 420
962 841
152 665
187 88
412 219
638 627
208 835
920 670
761 816
742 112
808 671
666 869
42 219
960 586
833 252
421 929
649 194
613 529
652 743
304 893
946 388
218 555
348 622
829 473
49 527
268 367
895 840
326 61
536 763
450 893
995 830
966 237
457 435
918 256
351 555
524 655
912 169
678 384
667 177
406 199
300 14
672 745
804 953
745 359
287 192
469 685
519 533
150 216
117 155
944 745
571 330
776 742
262 401
107 746
179 745
453 266
998 52
386 469
261 711
444 707
604 417
885 472
103 400
573 634
809 872
617 826
500 858
85 884
803 38
659 701
916 212
771 587
167 882
205 443
78 187
686 442
300 401
498 305
102 781
242 896
940 193
372 515
963 96
949 189
760 684
9 370
399 13
919 842
425 386
754 443
996 79
836 38
928 342
912 811
341 143
731 283
489 916
369 254
5 440
152 612
246 260
730 209
643 570
667 503
342 922
206 272
437 958
386 672
739 18
118 253
890 138
504 577
891 959
640 535
689 489
718 956
445 500
943 117
731 967
571 682
457 478
210 766
407 952
200 997
72 739
269 951
148 824
767 560
421 716
814 365
999 147
122 325
175 317
623 714
734 196
365 863
758 222
852 407
784 991
718 76
714 835
667 778
654 564
125 324
253 783
515 238
572 901
832 890
644 938
139 513
637 745
569 889
804 240
36 346
499 32
444 743
466 875
181 336
305 303
785 741
695 126
953 395
382 303
396 977
65 756
135 308
587 843
414 245
767 553
660 245
710 159
683 316
629 520
33 401
617 48
950 330
609 564
685 759
164 974
609 933
885 976
786 993
368 752
385 812
481 951
464 291
416 70
826 529
445 197
263 852
711 302
126 794
397 290
121 54
680 904
70 717
821 907
970 503
554 246
991 95
78 924
282 981
361 820
711 76
969 565
633 640
800 265
857 968
931 625
624 973
587 211
679 515
884 567
39 928
135 545
637 841
446 930
340 417
639 271
343 962
179 869
862 490
302 829
187 318
689 912
266 675
288 699
199 559
425 630
244 180
351 752
339 216
771 199
25 425
49 19
839 748
805 940
148 417
758 964
551 733
258 720
866 573
926 259
724 621
512 755
50 526
20 970
974 15
979 759
67 465
285 314
177 657
710 517
841 762
16 287
474 501
517 767
756 451
632 209
100 367
551 912
256 223
95 532
333 415
599 900
674 61
735 613
142 981
794 962
945 630
217 815
949 102
398 276
510 856
228 663
122 628
413 297
786 965
164 881
471 599
211 441
85 234
678 846
476 850
203 170
518 295
355 119
85 66
303 255
914 48
678 985
695 853
630 486
795 863
189 228
619 627
247 850
5 658
192 935
731 926
536 736
956 825
889 266
355 418
115 718
754 228
596 135
13 105
163 324
594 608
810 366
687 153
781 100
818 450
744 222
760 503
105 885
631 524
390 748
447 533
177 241
641 674
70 260
76 961
907 206
39 739
978 485
63 709
870 223
301 80
909 913
750 769
783 904
73 433
314 941
187 169
798 411
671 939
196 457
77 378
25 167
210 157
546 451
378 29
409 783
901 692
413 122
39 224
924 618
156 412
786 519
608 453
114 50
829 418
225 907
708 864
128 276
347 408
632 570
869 307
438 386
531 918
146 392
540 728
195 621
360 357
881 126
863 442
421 147
994 695
117 516
445 13
672 191
947 887
342 895
971 77
679 276
682 8
812 891
357 725
195 907
520 114
65 765
316 141
541 452
856 426
984 159
580 977
892 687
911 615
292 501
58 811
663 198
79 783
597 846
951 715
518 618
554 627
170 888
610 442
425 156
246 842
173 216
177 29
857 595
72 821
474 617
387 518
149 353
926 697
344 681
475 321
186 148
315 504
816 259
628 40
707 955
600 521
298 822
181 256
661 22
355 533
766 229
926 806
2 516
556 99
640 778
133 830
342 364
381 458
655 918
76 312
704 773
262 877
565 844
255 874
418 423
5 133
280 444
692 321
401 408
683 14
815 517
217 912
74 523
825 209
365 248
989 990
406 602
942 888
320 391
605 962
911 903
18 50
869 521
653 588
356 604
146 142
727 846
313 647
562 518
670 581
189 603
516 107
130 698
937 58
409 497
946 312
731 421
362 435
342 613
75 794
957 408
174 930
1000 997
329 155
848 681
631 726
171 66
66 746
515 51
79 912
444 275
799 395
841 129
309 923
360 220
866 820
387 725
712 690
362 119
14 916
309 524
861 79
365 896
738 506
671 978
547 192
361 437
345 984
487 685
344 645
533 797
510 278
938 343
516 427
158 946
984 981
507 50
676 779
27 651
608 65
793 241
956 178
334 147
64 947
181 829
270 699
668 794
284 531
894 346
841 686
128 15
76 461
404 436
232 211
198 824
381 494
220 556
367 815
369 995
707 66
753 384
399 96
481 837
542 400
946 777
599 193
432 755
734 952
40 708
905 52
134 614
574 912
243 640
905 133
66 155
610 988
347 750
613 711
961 110
431 6
236 222
318 164
350 815
244 753
174 354
257 656
278 270
779 823
62 433
981 325
688 574
508 941
188 127
101 778
563 29
838 481
566 912
862 491
59 266
976 697
959 926
344 980
931 8
37 479
210 773
763 723
802 705
710 958
16 86
948 839
845 669
560 531
67 549
140 943
89 817
842 337
510 163
963 404
867 766
148 273
23 614
538 921
352 188
278 660
416 811
609 260
598 128
955 240
68 959
771 642
777 577
426 369
263 358
481 850
694 14
492 754
313 33
388 949
65 576
545 815
211 958
488 89
364 564
695 400
453 773
111 217
461 314
695 513
147 23
439 918
445 774
268 769
505 253
995 948
77 763
761 794
354 320
389 207
687 970
855 972
289 491
184 255
508 158
285 108
593 357
963 631
838 513
396 562
583 438
192 924
359 695
731 608
625 37
934 135
574 238
959 592
526 77
297 137
285 673
808 338
437 870
477 857
539 194
173 576
657 115
643 160
396 112
788 850
225 671
3 174
794 175
740 935
49 348
305 938
32 622
788 961
810 492
314 840
887 929
139 303
353 143
555 999
809 507
753 30
23 913
374 911
323 683
93 813
888 11
456 151
720 708
6 831
923 653
603 657
289 873
920 181
427 935
498 80
548 389
733 538
223 561
884 285
133 729
869 47
879 26
849 19
996 198
483 493
970 51
759 673
794 807
890 688
137 504
693 211
878 81
270 386
76 251
683 37
595 689
501 578
981 840
450 896
180 41
626 41
972 61
384 574
246 552
462 875
411 791
144 746
329 674
166 95
42 293
230 866
71 86
808 528
503 427
932 871
507 940
936 372
436 283
999 907
636 967
50 478
517 362
743 390
191 815
69 339
911 614
41 942
687 207
514 403
808 108
844 922
477 95
685 410
61 384
512 880
677 744
897 650
865 254
84 854
639 36
613 955
809 471
537 481
724 806
927 387
31 94
788 571
23 554
444 733
412 198
185 987
993 892
243 77
577 893
340 781
324 394
851 507
582 633
768 965
717 478
245 825
926 122
137 134
38 618
275 420
228 76
66 355
600 983
51 717
124 45
324 575
454 762
181 82
590 310
9 193
708 837
858 118
271 65
60 756
722 553
854 490
503 248
360 890
893 432
65 219
321 113
764 451
490 856
844 107
89 782
871 137
618 776
530 150
14 63
952 188
170 281
707 619
706 503
891 945
571 831
224 35
840 780
503 572
17 11
292 411
476 424
296 94
667 113
567 728
104 537
829 221
593 696
672 664
567 585
110 908
697 827
457 62
791 129
942 23
357 605
396 399
552 77
76 955
477 212
488 531
231 965
90 747
966 376
89 980
720 878
862 697
387 613
562 599
140 795
234 74
107 712
895 307
72 28
23 590
158 947
125 420
950 191
811 615
43 497
517 418
659 893
548 334
672 16
522 231
502 270
837 680
181 148
147 967
868 882
686 583
698 401
928 821
902 239
850 692
209 196
561 943
768 207
381 606
823 619
647 697
100 58
137 48
213 261
345 181
472 27
5 9
99 354
399 448
144 675
74 556
826 92
203 128
166 20
796 443
543 926
674 987
930 561
882 854
756 835
939 421
854 208
433 532
730 290
469 190
566 708
626 339
937 132
352 932
99 209
192 861
156 824
682 351
285 732
70 850
92 958
364 187
575 751
448 92
875 321
571 712
153 983
311 436
253 606
573 139
114 880
408 515
705 307
102 429
429 147
925 782
879 465
291 206
553 231
679 867
519 974
25 318
633 81
232 854
858 950
841 188
535 160
106 753
504 505
984 515
271 551
163 230
63 438
898 335
718 372
646 753
224 904
701 634
906 834
111 917
8 820
150 595
979 352
890 955
877 591
756 380
337 986
532 77
471 371
59 629
6 412
501 764
765 363
507 71
860 577
316 506
937 686
962 145
247 409
48 625
824 242
553 980
346 890
330 583
555 2
396 103
834 983
138 590
782 303
666 780
777 109
796 415
767 971
283 244
247 191
602 474
752 451
53 482
492 198
130 577
57 999
575 301
852 934
528 948
526 163
873 645
153 657
905 386
635 399
178 196
30 893
895 849
198 131
951 963
97 13
852 132
412 549
287 459
307 265
1 758
994 213
813 623
634 60
248 495
299 483
230 643
322 726
364 445
438 988
650 860
832 23
631 397
624 201
532 952
130 52
519 562
238 243
84 819
965 86
182 320
664 767
604 622
19 968
594 896
611 546
542 736
102 171
33 912
534 4
737 136
900 854
850 169
64 734
339 468
535 134
162 359
519 353
281 339
34 173
805 672
419 23
483 901
206 919
443 483
337 36
120 340
928 641
266 104
110 371
772 786
367 128
46 433
119 483
29 791
825 872
312 277
129 929
831 134
194 841
644 545
56 794
344 529
920 963
575 141
298 955
858 147
750 413
474 152
517 772
609 995
4 873
962 245
912 962
825 187
476 897
39 370
901 118
192 707
338 926
393 295
301 315
226 855
714 709
22 652
350 777
8 74
248 847
394 859
350 152
647 820
943 493
409 467
397 505
805 460
143 757
147 750
331 381
761 384
924 462
247 929
866 394
435 299
856 679
579 672
781 164
363 516
640 812
606 139
780 284
835 987
685 409
690 306
1000 87
582 35
982 777
822 594
418 684
13 969
810 662
45 907
687 300
432 464
340 697
844 889
224 907
352 7
466 879
429 509
927 386
842 406
805 610
644 189
40 75
928 975
452 177
435 901
310 51
243 76
923 872
253 59
695 132
309 377
627 242
185 843
498 386
523 31
542 777
86 645
675 168
375 685
863 951
958 985
625 47
924 729
940 201
176 273
456 106
363 913
90 251
417 25
56 839
436 442
167 77
357 303
893 365
551 811
509 612
939 13
315 791
635 922
375 159
397 601
664 292
902 802
263 732
88 758
803 955
874 838
570 504
66 181
708 612
929 881
490 857
659 88
53 425
327 62
293 506
887 6
62 505
288 214
255 680
978 837
691 491
265 746
269 210
535 731
829 506
959 619
446 570
785 124
14 350
342 635
335 736
921 655
187 678
999 831
287 387
523 34
330 162
39 782
408 552
409 273
561 238
819 474
491 893
455 990
349 119
425 543
762 272
391 374
70 307
221 189
693 473
465 747
488 532
106 239
719 484
555 814
223 515
422 795
776 645
462 40
71 812
596 337
348 720
323 210
766 37
42 937
189 966
651 241
638 99
840 54
589 421
772 859
357 97
485 188
181 147
647 410
426 298
971 951
319 37
363 893
76 350
800 610
11 461
696 691
859 129
988 555
705 571
635 649
108 606
588 336
700 890
459 140
817 742
711 410
15 163
97 644
646 259
83 985
635 132
919 114
550 380
345 86
354 156
820 417
344 410
273 704
420 791
479 372
564 473
178 801
142 380
715 10
257 662
41 111
169 418
745 963
174 845
934 891
575 639
27 957
446 929
783 610
326 139
623 867
239 670
330 198
83 386
448 773
79 118
887 991
945 380
858 986
662 947
331 833
238 253
527 643
463 324
470 672
505 294
475 282
862 666
614 299
962 776
138 326
513 306
306 528
436 615
538 999
633 291
267 722
232 388
267 135
864 217
295 365
703 624
337 63
910 826
107 981
337 409
320 918
986 343
750 676
860 316
778 123
219 934
195 455
217 643
366 214
241 56
678 611
425 479
189 430
815 590
377 950
145 112
98 633
203 222
898 240
702 244
668 316
695 801
790 779
479 74
445 230
528 806
73 813
468 825
75 105
865 840
855 999
890 350
526 160
131 412
201 723
539 343
922 597
761 491
173 557
139 869
156 797
820 308
35 596
460 651
923 37
286 871
359 407
182 692
292 476
956 939
317 895
925 864
799 127
382 863
101 701
232 804
325 606
505 368
88 264
876 289
509 672
286 400
112 525
828 435
850 279
499 511
161 793
853 992
931 938
21 27
440 911
278 711
914 877
618 154
954 301
340 900
515 440
133 327
776 812
318 631
46 722
547 107
310 199
920 183
319 159
584 228
858 463
289 984
437 192
257 378
812 12
940 217
561 788
124 404
744 847
586 673
665 278
727 80
30 480
802 393
731 21
255 883
310 912
649 266
996 87
392 317
416 163
180 388
347 413
748 711
140 415
473 39
385 873
260 387
522 890
155 383
863 78
804 832
787 114
294 102
332 301
464 637
322 375
765 961
911 989
588 126
19 333
178 195
558 674
189 5
834 218
592 472
86 375
218 567
807 685
593 609
118 4
88 87
606 249
862 135
829 70
776 174
652 449
464 810
563 38
785 32
236 454
887 609
816 145
732 550
207 380
387 762
937 282
214 771
913 678
112 553
14 814
625 877
20 687
976 685
974 168
352 247
82 32
194 742
11 996
489 34
720 674
276 384
923 875
168 68
552 687
8 973
704 634
686 446
319 179
929 347
931 309
881 578
733 993
368 923
811 795
941 660
301 629
983 121
133 844
164 203
965 817
898 888
189 613
794 825
725 531
590 235
200 630
437 375
596 800
762 520
533 259
591 827
631 254
796 337
10 721
262 541
564 181
639 723
289 401
623 394
311 852
627 591
386 525
556 561
815 356
321 992
375 301
765 997
531 149
18 64
43 543
373 828
190 706
800 114
820 381
752 155
917 805
934 205
79 718
814 407
762 972
592 387
25 767
151 66
616 521
528 667
951 699
644 833
3 91
379 599
593 879
117 89
154 469
616 857
302 69
822 885
753 609
468 296
151 288
745 657
961 636
780 400
432 366
511 454
719 173
276 899
228 712
448 984
733 1
664 568
148 393
975 452
712 772
698 859
773 128
609 396
352 147
996 580
194 714
15 968
23 859
92 173
542 987
724 538
717 367
756 491
152 25
685 977
7 229
673 905
939 255
68 981
643 378
546 232
422 311
663 879
63 35
695 767
56 211
366 581
294 381
795 696
171 130
392 245
526 568
582 916
289 339
271 167
476 987
753 153
481 539
198 616
859 430
808 716
421 199
350 823
980 188
584 583
352 862
289 445
402 244
948 982
761 605
227 409
47 226
329 457
365 174
593 536
830 863
321 893
340 207
765 890
576 659
531 286
815 94
853 407
377 70
84 759
144 865
672 944
74 494
917 938
961 830
379 335
156 728
848 648
932 293
250 414
552 156
262 275
796 543
304 325
270 853
250 513
89 901
809 412
648 234
888 387
999 401
139 461
864 508
404 791
148 284
422 919
577 906
375 621
727 504
358 325
570 309
632 102
405 796
667 697
82 379
216 953
15 605
328 775
974 38
907 455
929 259
125 168
487 769
149 392
690 860
489 677
698 435
811 240
411 750
44 930
587 585
215 776
218 28
751 938
536 185
973 348
869 283
7 636
319 830
547 539
397 31
316 528
65 784
912 887
565 163
693 417
725 301
1000 356
235 721
956 727
85 63
934 186
166 272
481 290
208 550
957 485
709 906
946 364
307 410
805 423
331 288
518 980
151 190
961 873
526 451
912 307
396 156
35 548
145 420
207 226
227 736
217 550
429 868
359 487
721 72
58 638
570 98
46 23
654 470
343 595
235 170
491 836
865 456
192 359
487 272
309 976
797 827
491 48
358 7
486 200
859 622
510 194
238 497
153 493
283 894
305 282
270 852
824 452
989 272
811 528
902 361
483 675
444 683
67 288
321 702
176 74
216 746
797 718
451 46
896 161
399 278
864 853
975 579
746 281
485 243
696 526
366 78
663 806
850 747
376 670
929 152
163 704
312 134
935 422
777 860
359 784
103 874
199 363
790 970
223 353
703 43
428 699
803 897
482 300
464 751
204 225
21 821
902 614
899 77
378 220
736 998
181 575
311 736
717 605
22 637
136 400
523 748
502 117
865 567
403 602
93 856
579 533
874 687
781 337
630 892
735 926
256 904
385 672
409 394
563 41
624 9
499 660
143 917
537 902
793 556
739 296
746 628
265 90
150 98
580 755
909 207
32 653
487 423
130 22
225 156
23 833
552 483
494 354
277 214
63 741
615 56
102 85
112 697
465 431
466 128
513 377
223 880
388 731
979 706
998 226
737 372
884 205
189 785
426 421
747 926
730 759
508 233
662 420
354 707
564 626
911 463
826 181
593 230
186 724
685 654
910 127
211 891
160 999
881 675
54 455
366 469
480 872
100 1
691 926
319 993
892 37
659 380
260 465
228 429
506 331
967 842
878 30
156 49
330 748
140 893
761 576
189 183
27 260
17 494
914 116
22 537
981 992
730 508
507 589
172 640
883 962
775 97
169 68
425 978
959 661
126 556
17 8
827 539
807 545
869 888
835 808
911 583
680 999
153 510
386 78
313 982
567 586
999 673
439 503
853 865
452 866
435 596
58 665
41 973
832 960
27 622
157 723
927 467
895 431
399 650
663 309
392 860
49 123
36 327
77 429
281 152
500 788
673 686
508 303
362 809
628 8
738 728
577 862
690 741
689 388
208 474
525 534
654 970
460 459
592 585
764 975
341 618
234 313
507 350
181 145
916 100
940 162
100 455
229 165
251 853
770 269
478 963
100 86
636 352
967 520
378 413
56 212
366 497
190 163
156 375
85 343
825 128
661 490
310 712
773 224
846 558
9 115
172 745
431 300
290 636
312 924
4 168
192 690
908 728
912 667
363 443
460 602
38 81
136 473
284 241
501 130
130 747
386 641
61 1
265 516
397 63
511 929
592 465
900 426
990 117
579 749
691 39
876 25
93 257
19 610
767 525
921 558
244 915
300 605
799 565
925 922
348 881
424 129
334 644
528 279
675 712
568 632
309 842
473 756
115 535
819 681
111 579
148 575
754 942
83 350
819 726
604 320
642 37
718 456
918 158
350 386
102 29
611 320
129 15
646 756
884 103
268 500
559 521
774 328
172 250
806 889
664 162
354 792
464 184
281 406
11 269
798 233
983 179
401 681
208 189
47 732
765 503
582 727
363 859
878 206
453 769
155 631
319 936
161 108
270 446
385 658
603 226
788 63
941 782
545 45
783 31
252 355
697 474
626 400
809 752
611 316
95 983
647 956
891 28
998 976
969 800
235 720
812 908
999 530
657 853
252 577
145 121
933 224
971 53
40 849
244 721
53 124
653 737
359 256
714 785
705 242
377 97
69 379
126 612
861 975
884 528
938 616
61 263
526 371
766 596
41 938
516 333
700 418
245 459
799 446
433 241
767 74
895 1
988 357
681 283
793 881
332 34
226 424
724 159
961 168
733 471
250 496
666 16
153 67
444 478
999 436
714 292
928 934
803 102
987 453
401 986
515 442
789 199
813 65
688 495
485 16
774 598
237 512
110 374
2 434
29 788
103 647
397 848
713 599
669 292
138 188
565 883
108 898
801 251
328 514
204 429
460 7
37 612
696 877
513 841
221 814
493 73
369 123
798 890
927 658
218 352
238 871
251 195
596 893
227 242
851 908
976 757
787 116
626 436
75 390
815 322
874 906
123 402
92 835
368 27
761 532
687 772
304 883
602 300
749 459
183 549
865 566
159 955
80 574
9 758
528 546
875 381
195 799
222 228
649 934
135 727
338 481
299 877
122 440
766 993
782 842
990 233
230 324
819 451
325 118
1 246
607 352
828 115
38 93
824 878
359 155
927 510
287 95
163 69
292 807
522 646
961 688
747 131
694 398
185 622
167 522
258 738
20 59
698 820
880 703
441 325
633 473
979 709
875 628
90 932
471 97
133 680
12 539
825 792
718 77
758 688
67 61
251 840
446 109
101 147
826 178
861 552
523 254
915 888
302 834
854 383
433 945
341 792
566 291
401 403
460 186
527 444
752 723
215 672
806 333
846 578
569 223
18 47
772 452
296 405
428 383
795 877
563 505
319 599
322 345
714 631
143 677
660 625
681 136
991 97
518 627
153 733
249 260
946 418
821 546
365 422
386 813
832 261
227 349
65 362
298 690
235 966
607 166
518 925
813 547
170 950
706 516
624 133
537 530
97 27
760 453
334 728
260 731
101 755
767 372
248 392
642 431
715 687
898 69
2 14
723 168
518 931
282 302
581 202
196 360
506 986
37 536
59 48
975 454
234 182
326 622
561 487
781 211
693 546
626 711
770 301
206 842
167 703
928 861
567 446
238 368
243 437
3 823
522 365
635 748
894 351
826 231
811 889
444 946
854 697
980 876
716 698
739 747
132 475
640 786
704 870
815 710
871 651
734 786
418 452
536 95
475 669
518 19
32 334
115 610
218 169
746 615
242 275
354 441
677 515
180 237
163 728
296 482
223 201
194 449
617 178
312 780
939 409
613 706
325 980
758 709
6 744
981 110
782 113
458 173
902 702
51 22
472 449
636 664
157 995
301 324
841 215
70 131
988 386
633 85
465 699
429 32
714 446
628 728
321 270
385 743
23 904
672 902
33 904
486 34
287 23
576 290
867 741
393 512
266 798
470 534
491 521
591 234
297 848
941 423
444 641
372 990
283 773
949 940
552 730
76 520
884 151
975 760
546 296
216 955
819 868
548 366
176 887
831 281
803 312
197 745
271 886
392 437
800 530
543 314
530 647
697 142
272 847
402 786
721 112
125 904
753 423
474 128
497 97
561 600
17 762
119 41
804 134
228 358
433 842
144 643
915 398
493 902
386 576
207 680
942 949
155 261
212 722
375 358
892 419
921 751
703 501
62 455
965 542
674 733
291 547
438 694
496 483
647 347
460 646
279 66
541 619
726 681
486 642
785 57
658 201
122 276
452 645
469 545
733 308
588 537
383 495
297 496
232 807
504 204
344 949
268 526
221 113
10 586
368 461
654 583
412 886
508 515
97 444
997 577
689 144
874 156
794 701
549 484
475 379
314 951
614 202
581 19
763 976
68 250
289 755
633 316
872 516
784 330
208 380
814 879
794 550
682 668
612 733
168 846
445 722
615 474
824 453
452 398
20 202
205 242
355 733
962 303
2 682
824 436
952 361
668 637
266 170
247 456
998 512
33 50
75 347
488 344
535 892
972 58
993 986
781 540
678 876
240 376
413 228
479 427
247 159
393 436
982 470
515 513
865 708
496 33
1000 721
203 426
887 348
662 505
550 404
398 929
792 876
709 765
641 885
145 390
678 296
888 624
447 849
490 649
715 309
623 932
771 103
296 901
375 950
723 798
193 515
499 918
359 154
275 785
348 937
337 440
64 272
339 150
876 407
2 986
40 281
745 468
743 65
489 882
382 427
96 16
975 402
614 722
245 625
121 579
258 204
896 353
20 793
51 901
547 8
567 85
401 854
722 222
9 409
923 797
707 145
128 57
945 398
992 312
301 626
266 425
158 133
146 693
954 876
793 426
744 344
785 229
447 815
96 715
172 624
764 250
545 751
252 454
470 117
384 608
460 187
43 997
905 2
750 44
75 468
181 33
275 246
126 993
18 44
165 299
920 624
288 234
836 560
829 389
924 447
265 750
231 431
252 906
218 534
240 66
433 195
672 447
331 490
494 810
932 227
616 524
361 611
568 751
519 848
982 958
126 268
349 115
97 26
633 952
908 88
175 427
13 316
572 45
166 794
483 910
448 987
529 806
586 209
309 534
658 725
112 679
132 896
900 810
957 967
279 703
448 761
806 960
435 997
664 985
740 96
693 594
106 284
694 181
72 388
272 582
186 404
538 673
669 457
512 268
743 21
829 771
228 158
484 96
432 907
930 134
508 126
551 890
399 249
8 714
991 754
671 429
177 985
498 791
134 265
617 347
990 584
440 228
463 712
725 677
178 616
234 956
753 228
152 583
566 558
803 808
787 175
392 169
117 710
579 945
51 232
240 31
282 988
389 536
801 584
160 304
531 291
154 274
887 260
306 121
472 369
862 66
663 151
481 614
272 56
454 464
2 241
240 844
187 311
317 968
525 227
156 586
1 399
171 859
776 583
226 386
944 729
139 313
306 298
735 519
941 132
750 904
90 712
898 217
276 357
3 487
392 890
709 9
345 830
898 328
846 434
495 192
22 304
174 495
177 313
965 288
15 553
823 902
998 526
898 507
202 988
903 110
377 259
779 36
998 168
987 153
261 314
264 530
354 26
48 441
803 315
498 89
134 203
363 861
270 443
475 843
459 334
274 601
270 731
753 422
418 489
38 774
815 586
63 465
472 866
577 816
890 632
172 719
809 758
38 224
264 61
84 422
506 496
660 699
544 468
618 845
730 259
90 869
472 47
271 459
635 386
835 708
675 827
195 805
481 400
467 229
106 623
145 409
404 754
773 535
425 697
567 543
942 481
82 257
514 312
398 663
798 219
887 959
528 388
710 924
1 260
992 209
793 992
10 474
373 422
357 993
158 722
35 101
962 872
49 129
379 646
31 497
234 550
279 743
159 349
993 987
888 239
561 191
465 98
375 995
984 770
767 537
971 728
223 575
404 507
48 421
46 944
115 335
100 409
394 256
950 309
167 53
760 519
420 81
677 760
391 501
919 687
99 336
619 772
251 125
582 979
553 179
741 89
817 802
325 687
494 221
860 832
493 873
518 762
422 175
795 688
566 534
680 577
696 312
649 202
463 934
501 287
249 366
196 803
160 265
126 676
516 126
331 368
795 161
601 114
346 650
123 754
105 899
642 676
112 97
19 559
921 635
939 654
961 842
342 707
224 410
391 504
340 480
54 594
607 354
765 281
974 611
222 772
603 823
362 139
415 391
370 686
23 834
10 623
706 960
563 889
782 533
647 656
654 409
444 612
887 816
283 942
859 591
317 579
612 781
873 319
451 209
628 714
561 74
656 354
111 968
202 788
333 126
702 223
428 342
464 275
162 102
237 994
989 531
115 442
557 303
105 368
967 656
39 416
510 697
993 705
727 112
975 838
393 100
322 2
566 289
91 835
882 74
989 934
702 289
398 92
817 765
461 851
551 4
311 803
94 433
494 495
151 922
423 913
262 538
312 882
285 610
8 107
665 927
265 668
40 924
614 922
886 863
445 411
446 684
363 254
678 107
523 922
709 591
247 896
965 725
714 855
243 874
5 612
101 799
282 155
28 395
446 910
417 944
443 900
227 573
749 608
878 892
833 219
701 797
286 605
953 832
990 485
352 73
334 329
597 589
980 315
893 742
129 439
111 825
741 562
983 981
197 832
434 562
974 136
625 25
888 73
228 554
618 222
84 598
237 676
36 465
774 355
81 184
903 5
798 357
15 581
487 904
716 982
208 325
6 136
138 16
362 562
8 636
326 165
275 454
673 629
146 297
254 734
387 885
426 73
134 270
856 958
90 506
553 994
520 69
384 589
118 388
851 985
800 837
838 909
214 298
256 567
939 266
30 617
969 963
184 345
905 287
467 490
138 694
988 871
921 785
309 795
578 232
961 16
908 569
463 806
217 256
739 391
634 179
227 379
834 433
231 291
827 568
221 329
421 263
624 942
74 125
610 27
22 245
739 357
979 210
670 981
785 381
969 488
855 497
199 551
499 933
865 436
28 653
892 972
179 523
664 745
707 717
804 141
607 600
791 385
171 632
906 765
85 978
228 974
310 252
495 48
99 891
500 666
674 339
840 87
298 687
461 209
635 650
279 928
299 11
263 492
753 468
898 653
666 318
833 604
560 436
318 388
195 347
693 248
509 551
256 501
590 368
172 569
385 600
892 104
392 369
198 569
39 427
392 100
625 386
359 974
860 893
493 900
868 336
763 106
515 551
563 307
359 684
51 199
703 985
649 830
78 960
743 522
210 840
485 962
797 388
662 532
739 419
191 816
734 106
611 253
207 238
690 244
356 607
620 117
517 512
809 194
889 108
706 586
233 496
326 891
532 946
420 500
975 154
830 699
362 39
400 776
572 982
723 98
733 407
83 131
379 808
840 262
822 362
244 438
250 771
533 862
606 636
555 762
992 48
332 561
81 887
615 246
30 184
258 575
745 169
160 753
987 228
988 859
336 466
963 143
600 851
489 756
646 896
155 935
941 572
764 865
926 144
935 139
377 317
740 202
977 232
418 809
213 342
592 62
782 354
582 976
592 80
973 461
186 897
541 9
142 108
324 887
146 19
893 57
442 906
919 396
725 461
598 53
714 708
412 498
197 880
294 79
204 876
891 938
123 260
434 233
130 686
147 756
921 713
913 396
299 743
183 599
644 987
882 634
204 594
177 919
856 33
56 395
697 951
148 813
866 966
170 977
524 640
671 563
886 316
767 107
241 969
274 962
59 184
92 416
438 220
187 92
760 138
376 786
887 819
546 541
533 871
805 620
699 505
665 185
828 707
131 629
723 495
962 694
963 444
447 279
604 442
297 942
51 903
451 97
823 969
699 199
93 556
902 472
100 344
724 626
138 125
12 534
750 758
664 157
572 574
594 418
547 872
91 164
38 621
523 243
584 483
159 325
937 725
81 287
350 973
777 205
284 459
604 57
75 470
504 625
573 727
578 483
706 44
552 644
929 400
949 376
203 106
866 422
665 817
783 193
17 482
881 227
752 183
65 510
545 820
784 524
360 686
148 995
687 906
799 716
467 303
710 281
89 353
142 277
606 222
574 312
813 544
409 362
942 316
834 477
141 99
633 973
193 273
871 383
788 785
349 113
631 607
279 362
378 547
475 391
516 407
98 674
173 52
512 962
487 340
898 243
572 926
595 103
7 429
145 424
110 608
244 494
543 156
836 170
842 519
550 860
647 242
997 889
237 903
802 889
823 813
882 427
441 215
166 74
410 730
394 231
507 338
197 754
290 436
823 834
863 913
275 344
48 279
526 739
671 286
238 81
242 44
47 693
413 427
15 395
915 153
642 675
900 722
333 724
446 13
933 517
346 865
330 554
33 30
334 563
493 927
556 951
467 636
123 494
489 776
207 582
248 653
464 570
156 896
269 159
19 392
964 910
531 293
1 882
718 993
166 376
574 325
614 790
540 173
872 548
134 986
49 590
909 416
178 170
895 779
622 593
606 186
37 229
165 944
335 448
72 520
698 708
680 967
205 980
518 783
893 461
84 951
639 135
163 288
771 161
793 665
695 181
748 381
73 51
755 555
178 377
183 67
520 733
426 692
372 136
500 965
304 88
949 568
373 933
93 882
119 758
391 903
207 528
324 442
716 868
805 693
275 662
25 835
842 253
712 3
448 355
149 290
417 880
692 661
263 350
565 746
993 127
564 156
264 739
33 442
821 385
716 729
755 133
476 8
327 329
204 20
498 825
7 635
268 825
548 813
19 89
886 587
722 744
718 502
189 138
725 296
179 396
592 147
613 739
193 248
856 296
421 249
731 632
164 431
695 989
865 558
203 387
484 690
929 541
714 797
697 553
904 845
889 273
83 326
778 874
329 202
865 264
793 603
97 870
558 981
939 821
945 432
875 179
359 482
16 396
179 840
418 528
36 967
37 362
150 91
653 80
64 569
783 765
98 763
27 701
283 599
747 10
419 55
455 813
59 12
44 344
438 2
249 750
177 121
270 942
126 36
224 60
997 735
580 457
357 880
908 320
889 943
817 186
637 281
949 595
604 70
453 574
383 957
987 231
472 514
225 672
299 217
871 553
417 118
591 130
402 738
55 572
313 69
167 934
981 638
104 990
926 145
472 546
659 502
807 150
777 839
781 823
673 867
513 845
553 936
346 950
536 154
720 151
37 383
318 48
985 277
968 581
902 666
226 691
869 651
742 651
458 270
539 271
635 66
428 982
910 118
951 798
952 168
471 848
458 929
835 533
196 813
568 504
217 206
550 56
796 152
537 831
956 982
792 879
312 298
726 712
52 559
435 417
164 161
457 441
899 46
918 286
913 894
993 456
465 884
620 233
987 662
71 547
438 802
780 121
54 155
895 438
795 86
129 880
447 641
469 917
589 600
954 311
296 565
372 192
157 492
822 486
258 657
708 393
395 264
163 820
402 548
96 369
874 526
210 265
928 676
379 386
423 9
231 191
220 722
807 301
918 535
461 152
510 695
964 305
307 718
458 878
60 942
594 306
868 981
122 723
708 830
894 513
811 63
406 881
464 418
747 993
803 979
643 774
647 146
976 13
163 330
601 912
986 218
630 517
575 396
706 45
890 446
122 804
599 282
824 331
754 225
666 847
873 852
467 464
915 312
511 827
213 173
621 224
476 561
926 933
28 278
529 479
986 542
621 713
404 709
791 955
425 870
890 114
865 178
639 285
714 164
715 325
734 35
900 992
455 582
884 596
170 946
619 225
639 226
396 48
415 468
878 770
457 38
866 858
358 842
562 67
547 493
838 156
641 624
163 404
862 278
601 578
742 376
174 244
752 142
384 497
794 385
300 186
90 610
93 877
979 884
139 77
927 252
275 637
20 943
650 290
635 736
567 299
881 608
885 644
582 965
780 560
751 47
864 897
973 33
336 42
393 53
786 580
915 152
792 205
207 946
557 563
355 871
191 245
964 459
488 260
878 17
493 13
839 755
242 271
795 559
597 503
817 799
123 112
472 824
678 856
735 281
701 409
186 838
299 749
414 718
364 909
518 704
612 187
969 594
878 738
592 327
334 892
100 614
523 588
948 276
535 756
701 236
338 530
320 9
728 182
891 706
395 601
982 767
197 349
201 794
112 171
370 899
442 532
539 110
763 396
179 434
255 56
438 968
535 474
295 849
648 294
460 892
306 342
163 291
351 762
717 910
145 621
864 259
956 339
571 939
353 770
799 231
481 686
73 387
845 613
115 824
390 280
15 901
676 961
290 132
75 128
236 968
789 174
827 87
723 422
82 482
600 603
787 253
380 771
456 243
428 112
538 785
898 264
978 168
872 699
814 706
746 156
220 747
632 219
780 581
160 582
837 628
217 539
935 299
314 467
82 663
816 129
780 724
195 460
531 678
15 377
879 126
535 352
976 183
333 358
588 284
401 462
96 758
208 976
775 480
467 829
602 128
357 237
927 677
108 697
101 164
471 617
973 295
445 142
964 702
215 612
740 389
526 824
530 327
363 410
815 157
437 587
757 582
795 809
725 408
749 482
231 490
970 273
481 292
136 329
688 790
339 834
526 90
250 107
507 520
437 877
282 174
9 558
429 973
122 417
182 655
717 309
993 306
602 695
723 921
762 113
178 478
348 850
790 313
543 418
980 159
283 697
1 488
365 797
97 71
775 700
634 219
525 405
984 713
326 904
699 366
771 813
404 834
922 131
462 248
249 749
927 406
443 785
548 89
864 414
779 359
822 826
768 724
496 331
152 185
461 913
120 237
564 838
582 507
286 196
399 495
112 881
993 984
261 394
779 958
941 280
194 959
690 536
195 138
214 442
785 820
573 845
669 398
85 583
821 371
396 866
50 110
595 602
651 796
691 795
708 219
930 148
971 571
521 504
47 620
928 470
446 882
809 565
61 640
247 117
660 772
904 302
816 522
297 415
735 337
848 891
540 833
356 418
178 958
394 835
164 637
407 203
376 588
30 822
112 21
772 3
344 773
142 319
970 132
202 234
616 532
140 292
602 587
987 971
35 454
886 387
488 457
11 593
943 184
361 532
197 422
743 136
422 427
245 426
597 709
783 720
883 552
466 88
763 658
168 466
442 272
932 41
136 816
893 688
159 28
219 801
880 549
228 561
284 867
410 546
693 713
91 363
128 799
898 271
257 445
81 849
82 426
599 755
451 99
129 251
202 787
21 445
852 670
378 611
638 634
530 809
73 518
220 723
681 839
721 914
707 195
673 855
730 864
983 622
721 35
958 848
778 58
172 989
284 295
285 26
214 160
881 677
259 995
43 72
996 114
523 322
502 751
964 464
18 262
21 625
607 638
576 680
996 500
27 117
843 894
458 464
540 822
651 631
122 805
564 188
605 984
569 226
623 403
907 253
956 550
481 642
43 647
890 302
673 268
13 995
539 359
557 914
688 847
54 796
123 290
643 453
807 590
791 837
265 611
329 304
362 319
423 579
538 471
956 106
244 820
875 122
783 647
878 771
40 475
465 594
466 429
378 545
352 76
279 469
400 850
257 255
386 285
914 14
318 960
665 797
760 23
542 947
7 32
817 112
913 272
324 64
426 865
573 659
889 614
817 193
693 606
863 770
890 179
225 638
413 135
396 859
702 780
474 407
397 474
705 717
707 191
1000 179
690 947
551 886
823 717
229 816
312 68
275 56
630 274
134 269
63 441
800 745
564 370
712 421
664 264
869 369
344 324
386 633
276 709
684 417
264 5
818 596
484 672
839 494
461 24
865 663
256 697
236 151
411 71
566 733
611 92
722 951
762 888
853 47
970 333
437 776
47 457
784 761
857 981
144 856
736 642
878 573
991 358
500 259
880 22
448 238
840 672
782 775
876 166
568 655
294 621
278 102
417 991
781 117
822 611
254 353
521 516
990 309
849 839
957 660
923 492
238 94
737 10
541 966
466 32
653 268
603 993
784 69
362 81
200 82
612 881
483 831
287 931
346 493
58 409
228 969
366 181
193 922
119 424
608 103
1 79
883 175
79 434
870 411
690 629
73 589
433 341
963 148
569 749
1000 175
699 894
313 47
885 871
856 895
