1000 9914
413 28
684 389
340 442
973 196
559 31
128 259
57 163
872 120
256 615
755 421
170 21
541 34
544 266
941 776
655 46
215 615
329 652
915 405
844 85
97 696
553 772
834 95
818 632
491 149
485 749
108 344
273 949
41 401
226 911
445 111
1000 762
593 123
843 100
626 364
282 828
100 539
450 630
969 734
255 505
844 650
536 747
611 145
322 844
616 569
948 408
610 75
28 580
835 998
123 968
325 156
19 757
600 721
353 67
135 911
546 786
818 15
213 567
678 483
116 422
27 703
509 305
71 718
628 313
738 457
991 905
975 20
120 16
633 342
779 358
484 480
567 223
608 916
811 521
906 879
266 142
160 645
533 204
99 920
595 895
79 406
673 985
547 992
767 517
760 813
368 279
335 681
539 599
447 35
587 780
474 79
807 259
976 773
519 143
669 318
808 741
631 270
379 198
164 954
683 398
480 835
778 406
800 674
449 308
458 554
316 604
997 371
674 822
206 967
173 982
856 744
48 997
877 110
972 134
336 597
307 33
259 322
960 757
283 88
585 712
725 267
866 509
914 154
781 330
468 59
667 111
338 475
545 527
452 599
363 52
127 87
754 703
993 349
490 194
23 120
939 787
338 362
466 311
220 460
31 925
583 352
767 391
383 398
22 176
685 400
942 1
755 628
900 787
11 830
144 477
921 187
224 642
524 112
762 487
410 432
451 324
234 92
306 577
176 93
358 437
207 548
897 979
805 762
419 307
183 314
812 202
760 107
505 848
567 80
991 114
699 216
96 109
78 135
25 825
155 870
281 423
814 763
393 829
595 167
807 342
370 193
935 735
264 558
285 104
379 373
863 975
259 853
594 304
1000 231
723 663
301 766
381 957
96 704
492 466
644 471
355 986
651 537
913 498
826 513
954 570
596 671
812 556
816 567
69 761
394 661
159 919
365 382
312 886
498 545
138 670
866 276
455 268
304 789
213 171
623 624
899 878
4 138
960 320
10 971
545 954
532 744
677 173
308 512
771 424
4 281
425 868
230 753
37 351
390 897
771 70
331 719
689 719
795 348
664 155
557 424
231 110
303 621
19 922
576 429
831 815
818 166
906 709
578 933
685 732
382 456
572 776
222 657
81 803
297 894
766 82
400 625
63 996
566 956
797 655
708 126
711 841
547 952
972 699
629 540
934 944
655 902
350 304
664 107
522 73
137 429
547 662
958 940
768 217
733 767
293 722
206 609
137 62
105 626
894 946
532 145
844 163
437 687
77 716
460 212
833 406
173 909
262 614
127 170
307 891
842 924
347 586
166 2
226 889
298 154
445 217
691 737
95 668
576 559
646 36
543 785
778 513
79 941
127 440
819 311
592 313
39 630
960 317
728 265
419 840
240 99
829 21
407 99
999 965
322 601
217 437
951 614
974 930
830 929
814 298
525 141
417 848
816 724
75 896
32 510
154 541
373 171
396 470
21 241
491 848
255 139
477 157
682 339
671 645
785 258
60 724
345 348
240 559
519 593
850 296
707 689
175 571
733 125
183 92
349 372
794 483
983 375
638 170
489 81
785 556
616 870
384 195
149 77
794 274
922 335
906 840
444 671
266 235
799 7
585 399
55 311
828 629
376 940
512 382
988 274
67 106
34 97
632 332
931 922
281 520
121 969
964 267
312 242
939 63
99 682
956 368
959 48
119 311
302 781
11 480
820 842
805 911
18 316
399 73
241 854
481 894
337 754
485 522
695 651
365 36
170 18
759 500
83 783
639 770
674 898
792 457
7 445
407 304
530 325
291 715
436 480
539 568
97 552
188 321
761 513
808 462
4 179
353 503
5 646
228 625
782 966
951 981
437 875
294 684
478 153
911 535
715 446
605 823
378 644
187 342
687 173
88 819
152 922
386 160
850 381
45 925
62 773
379 959
412 844
763 16
168 504
150 184
174 449
215 386
767 849
399 715
93 802
442 106
760 225
245 615
29 602
157 517
323 805
931 34
239 377
519 347
686 312
319 305
765 193
436 755
58 45
332 956
868 734
962 519
524 258
251 564
34 137
361 148
290 392
186 329
684 56
465 246
674 259
801 393
539 928
133 863
843 630
372 722
621 693
307 917
695 638
355 929
674 823
233 541
939 313
726 3
618 904
198 424
143 473
346 727
762 735
320 294
619 698
48 885
527 71
991 497
260 170
248 712
529 359
402 327
792 707
84 165
636 986
126 568
877 288
862 140
165 996
719 434
585 954
144 888
578 830
112 324
439 491
145 465
909 199
641 617
269 872
606 915
699 287
311 45
940 739
501 901
135 771
908 1
287 68
979 525
220 105
202 684
520 521
266 833
504 460
586 822
771 392
6 867
172 411
963 416
789 228
183 309
116 200
855 359
884 213
647 27
217 544
509 792
385 470
371 811
869 232
618 296
33 502
161 185
324 659
54 292
493 260
739 756
793 428
506 625
137 405
54 479
57 105
20 347
350 550
426 94
825 957
130 918
420 688
422 482
479 215
355 989
816 601
838 922
750 54
19 146
77 920
743 795
545 238
550 377
640 710
466 602
21 849
209 657
798 635
282 534
278 399
631 23
947 548
905 375
620 260
692 137
875 93
994 433
762 981
943 120
451 854
268 256
74 499
70 249
511 26
496 521
154 427
452 692
572 197
98 348
559 57
227 544
926 852
339 90
162 993
37 303
810 704
779 626
121 150
339 203
638 429
440 882
899 301
371 346
867 609
68 282
235 507
435 717
793 931
296 645
405 45
372 176
693 698
91 862
513 300
361 352
405 158
215 315
522 389
686 368
452 302
845 817
565 31
48 403
214 480
418 253
111 88
132 563
560 62
319 47
158 666
915 812
402 809
792 161
422 300
115 266
25 566
265 231
967 512
57 133
539 793
958 221
797 65
433 982
315 118
414 531
536 213
720 82
687 556
796 287
913 477
777 126
757 392
579 806
817 877
126 775
17 305
934 4
39 736
373 886
744 886
874 973
213 221
360 639
549 851
197 870
807 671
818 692
359 276
325 900
734 480
757 897
297 227
18 703
370 958
350 376
391 430
502 343
288 601
58 611
296 948
761 160
447 919
672 703
527 627
645 644
225 99
740 774
944 735
317 563
590 620
921 193
49 14
15 785
1 163
664 541
940 826
980 536
868 599
712 809
1 220
202 631
901 929
958 722
941 416
968 2
825 639
129 176
2 702
441 134
974 24
600 545
985 833
876 778
497 943
958 524
246 866
873 20
103 667
622 505
767 927
884 444
225 777
357 241
489 684
551 788
494 223
846 880
427 226
885 903
688 461
102 849
358 777
381 744
473 90
536 817
935 155
200 734
688 604
159 985
716 10
511 670
97 702
830 6
905 173
139 945
781 578
873 737
235 712
787 209
626 283
498 614
852 937
840 913
438 375
621 20
697 700
227 269
1000 613
145 2
148 935
496 282
297 223
795 72
465 877
601 393
175 154
883 819
375 936
836 667
128 714
861 888
6 108
37 278
188 134
250 443
884 830
875 497
227 969
106 154
954 442
306 456
849 562
558 42
597 512
174 307
54 773
295 549
870 91
484 482
853 871
175 847
372 287
251 582
16 987
97 851
73 670
208 371
775 125
524 259
102 787
633 787
681 872
132 612
32 987
906 79
195 28
794 952
736 623
781 17
803 682
454 650
932 782
220 1000
406 873
869 72
851 694
66 386
928 489
161 510
774 897
459 241
996 40
856 635
907 585
358 821
294 13
977 909
247 231
986 885
388 448
97 730
21 722
132 79
5 455
84 448
982 489
804 985
518 655
960 759
264 174
952 795
694 838
313 743
409 480
706 278
429 925
285 665
493 651
866 80
627 353
463 194
896 909
182 622
511 246
773 629
745 786
842 40
454 274
476 254
791 113
67 971
214 942
213 713
252 866
883 557
637 614
396 366
382 67
166 832
903 377
407 622
822 331
461 801
861 931
49 167
512 537
769 238
823 87
1 4
129 79
519 446
99 809
929 480
750 520
163 824
937 941
93 551
831 457
944 35
798 130
592 757
83 558
311 100
767 648
660 86
609 570
426 204
63 49
345 308
509 633
117 856
172 302
262 745
122 590
855 170
337 519
40 725
981 880
177 64
243 675
661 590
574 993
282 545
800 942
284 978
815 489
749 133
90 329
5 315
152 993
319 607
70 723
621 458
675 872
982 356
625 153
165 54
829 15
409 508
598 308
946 301
175 237
947 124
911 729
184 528
79 833
870 596
987 808
827 899
221 400
169 161
869 242
46 229
726 603
435 558
53 995
19 815
3 210
340 635
407 684
357 577
123 867
344 628
516 412
701 648
867 608
3 496
577 523
927 107
767 987
295 385
996 590
667 550
964 486
528 224
965 309
750 949
8 43
868 512
144 683
552 629
975 669
742 184
523 146
811 881
47 707
142 749
593 57
134 369
243 58
450 58
395 266
907 512
341 196
753 268
200 668
797 241
359 915
74 592
551 38
425 138
908 721
925 301
312 788
630 404
591 918
5 287
9 852
49 871
199 985
938 859
498 722
874 861
530 1
986 591
273 232
572 388
274 323
792 821
248 624
355 436
191 794
876 18
234 850
1 742
365 531
689 561
338 417
411 279
710 137
287 360
255 36
2 200
477 106
44 595
596 224
465 546
836 567
948 677
110 948
596 288
798 355
98 720
64 288
83 124
69 49
179 529
699 326
771 821
465 716
27 581
836 981
344 767
59 84
850 185
558 126
466 174
569 935
22 773
21 16
943 216
392 752
634 595
121 636
585 397
659 658
56 701
423 301
315 684
547 969
324 310
440 331
703 714
959 348
413 104
641 141
91 114
972 729
314 479
133 889
688 224
561 886
643 932
200 474
220 517
883 847
150 824
172 928
216 592
204 17
665 545
852 497
873 966
15 27
259 589
61 745
246 303
839 318
117 562
299 717
908 757
892 324
459 375
274 389
613 750
433 556
761 496
100 518
621 164
969 707
696 261
311 436
94 60
601 392
217 407
456 633
576 858
94 636
524 666
598 495
549 136
315 159
64 413
690 65
638 411
840 558
434 771
571 462
257 794
24 571
331 649
69 21
851 887
453 374
240 589
918 192
956 371
337 485
279 309
562 150
926 591
174 304
934 313
77 411
345 867
662 180
684 276
116 246
906 874
466 805
712 981
536 291
8 988
119 582
822 57
462 802
718 126
498 485
196 799
727 244
507 273
103 130
953 175
802 412
159 521
589 68
807 141
935 88
189 598
851 697
369 114
42 424
850 515
319 836
755 413
531 932
130 791
350 874
520 566
445 174
506 428
804 843
503 132
722 686
331 11
422 166
522 752
263 914
912 732
427 470
95 67
777 262
526 139
799 319
179 28
208 781
62 248
778 952
159 13
485 992
142 259
880 14
448 316
169 487
5 521
288 531
607 218
420 48
791 3
648 275
505 555
173 296
391 497
265 805
318 910
343 920
749 629
538 366
776 439
260 744
796 554
14 539
435 578
239 584
629 80
392 987
944 664
616 837
410 268
344 520
382 64
365 910
224 110
775 813
962 980
315 294
733 163
20 690
850 129
395 446
239 159
922 389
392 648
50 712
609 351
279 860
854 571
181 131
914 72
281 597
967 649
949 142
570 213
366 112
243 975
479 819
453 960
419 880
316 652
506 750
638 527
754 56
322 450
424 565
186 572
843 882
570 934
113 17
494 502
781 568
164 481
605 980
753 65
165 211
972 165
668 238
737 415
490 988
342 917
865 760
41 494
459 843
574 172
703 420
688 835
526 103
965 589
13 880
399 319
364 68
628 777
394 969
79 723
580 916
269 87
217 350
201 865
623 738
628 952
538 416
153 966
231 133
308 946
39 770
835 931
602 986
490 400
186 341
575 813
747 56
529 141
857 520
934 494
361 952
884 887
831 808
55 739
598 753
875 924
16 247
73 490
383 653
738 396
29 623
12 323
840 324
966 644
70 457
390 448
896 325
237 669
419 464
96 163
149 167
116 814
690 589
315 752
630 817
963 188
34 88
807 375
81 83
579 492
484 104
76 338
4 759
996 131
262 827
76 289
284 263
363 861
289 255
954 763
522 967
389 76
946 827
247 711
143 125
19 67
312 55
55 769
186 976
852 689
959 255
801 245
89 139
821 250
604 766
952 7
576 228
708 588
556 520
316 869
482 93
284 203
131 328
634 638
472 458
183 612
239 754
869 817
28 375
47 469
197 344
911 572
878 961
594 732
494 974
260 898
10 893
984 468
162 912
89 752
314 727
948 678
842 97
981 659
847 464
614 453
120 905
762 312
432 261
361 353
903 408
239 384
46 480
429 424
430 899
767 190
118 750
295 515
154 833
998 70
980 469
694 335
902 376
171 654
353 743
123 293
710 741
768 892
291 313
864 213
594 66
408 123
45 378
963 267
34 13
609 647
976 910
579 315
7 194
393 890
600 894
105 160
732 843
676 563
349 821
6 510
501 862
933 966
940 675
599 256
56 779
539 886
904 473
78 412
426 133
65 963
765 382
33 45
471 759
823 578
256 460
226 566
704 970
763 852
394 630
17 753
243 765
981 823
285 992
397 742
949 265
164 759
991 130
722 885
373 679
389 834
981 920
877 23
951 816
94 259
166 188
140 880
84 285
881 173
790 609
795 221
139 657
496 284
355 467
781 179
107 178
697 924
104 530
746 519
819 497
253 629
144 215
435 504
808 126
813 23
59 292
888 716
425 562
908 137
729 412
303 689
309 948
791 220
614 481
900 791
304 284
983 692
503 910
197 239
780 34
598 825
162 265
866 609
315 493
262 308
879 746
315 346
284 907
410 634
985 818
582 508
965 268
352 907
349 631
409 642
104 806
430 744
436 877
148 25
284 681
513 933
452 503
897 262
648 668
971 861
156 403
860 395
185 389
369 480
359 773
678 699
881 269
627 289
55 984
919 335
975 795
341 251
198 540
130 788
354 47
692 402
307 180
385 918
960 602
85 119
394 844
473 205
146 157
437 938
60 443
667 325
952 797
151 221
463 863
199 853
911 711
511 99
534 728
887 708
283 378
731 888
204 728
106 986
309 871
330 258
991 715
185 180
136 983
799 388
257 327
989 54
314 894
284 579
614 397
193 651
782 541
110 732
1 376
82 133
620 901
676 951
953 526
441 482
261 567
210 225
215 272
237 696
67 265
106 289
950 92
239 15
732 318
152 9
640 238
856 445
831 344
210 402
161 190
824 490
716 648
272 881
525 182
528 742
155 920
318 500
625 503
525 858
52 256
399 29
557 457
464 408
610 5
587 522
470 386
469 544
648 918
924 867
337 575
527 390
623 297
97 651
227 24
912 682
753 64
234 698
916 638
351 187
78 121
700 568
633 523
959 521
943 404
265 533
964 913
938 756
922 657
84 196
930 880
753 819
239 792
79 835
101 775
508 783
183 801
847 334
120 767
46 235
704 113
446 769
931 675
970 903
843 415
537 536
607 415
575 812
534 917
362 215
419 100
257 833
519 617
135 864
27 635
176 799
605 42
868 103
534 110
426 731
922 196
138 343
750 968
987 406
317 605
718 362
296 535
7 59
174 472
158 957
419 467
521 895
849 282
319 330
586 523
290 92
940 190
986 324
159 418
343 193
617 32
319 40
450 137
821 438
380 358
77 998
156 253
523 276
842 265
121 930
62 684
418 474
186 622
394 595
899 322
327 499
365 60
224 96
227 167
304 243
783 12
182 275
459 8
616 149
669 949
497 707
566 551
94 292
477 676
369 795
853 185
873 667
363 325
133 219
826 771
20 663
906 759
869 705
284 807
222 27
259 47
80 752
70 991
457 490
535 355
828 239
991 365
871 267
340 433
144 236
127 107
628 524
810 561
83 401
47 298
340 288
72 926
126 337
201 126
149 774
97 61
136 59
905 812
926 966
196 295
391 222
292 865
742 74
582 262
21 30
561 387
78 33
318 624
210 169
543 121
102 923
874 64
960 739
128 220
278 586
776 908
372 273
416 816
515 604
876 916
772 947
828 855
590 942
357 281
251 778
548 630
364 555
56 780
294 314
721 110
579 88
742 900
446 65
104 120
546 115
698 310
661 418
440 26
209 34
171 218
947 589
190 981
462 798
179 356
750 237
643 725
806 131
611 297
60 545
65 157
374 129
726 106
892 326
549 739
550 132
4 40
408 945
722 773
317 63
909 283
857 26
587 385
280 127
695 986
402 351
857 910
443 649
523 845
446 620
503 581
674 723
74 423
610 213
38 330
520 213
226 234
300 677
687 75
598 370
1000 925
987 997
948 613
684 835
226 349
282 219
600 82
541 385
605 479
441 9
969 396
642 506
457 224
155 896
472 716
783 875
453 372
922 141
711 794
609 87
828 311
172 435
653 444
68 236
140 721
95 554
805 705
257 427
685 107
188 709
431 855
90 983
493 506
650 277
79 413
82 339
279 879
140 567
824 608
733 912
21 276
966 858
10 7
862 13
560 505
365 715
950 258
646 11
890 707
695 634
521 371
425 294
977 881
190 102
329 706
716 474
517 135
759 468
828 820
963 691
843 985
655 990
238 989
850 668
460 367
69 657
746 610
130 567
757 548
587 965
840 944
126 685
472 20
456 953
74 328
847 599
797 414
351 817
308 553
380 179
937 95
706 644
550 285
168 43
810 614
593 894
21 130
27 880
466 304
896 831
642 303
739 620
383 437
535 24
488 663
250 474
883 558
258 471
300 501
642 113
610 317
849 531
166 839
244 99
605 368
112 693
813 9
968 462
128 789
721 746
946 715
599 649
103 510
879 361
261 488
37 941
150 644
161 189
896 8
458 873
186 764
762 582
651 830
891 405
284 317
86 881
436 96
552 841
147 239
223 312
857 406
858 121
433 831
714 664
342 201
437 747
207 709
887 103
523 550
394 670
568 189
507 891
57 952
166 106
702 8
669 833
195 966
970 448
574 198
619 555
529 327
456 981
517 302
960 325
235 947
457 461
455 686
149 527
9 616
305 769
253 587
397 241
112 277
288 155
582 813
841 288
288 672
552 173
473 740
184 881
166 641
761 121
724 107
132 46
893 524
514 249
842 218
555 911
220 455
685 256
997 574
374 599
969 916
9 829
144 318
823 150
98 557
63 525
194 684
211 374
628 493
477 455
414 456
291 287
871 834
423 266
26 615
247 848
724 559
626 589
293 874
111 880
155 857
86 691
34 86
973 715
812 457
560 50
752 778
641 215
254 628
276 894
355 799
262 825
442 397
733 762
475 662
976 81
843 643
990 566
575 88
43 827
669 3
816 633
636 90
527 485
513 575
576 693
441 516
290 75
464 675
1 936
660 681
858 6
887 504
762 948
607 392
924 405
528 982
670 657
909 327
57 694
889 381
562 685
504 989
531 410
518 884
117 415
545 714
965 833
801 672
735 875
482 178
487 402
239 541
754 851
41 900
188 877
211 52
729 567
857 618
699 347
183 691
849 714
405 476
840 275
288 938
128 959
629 135
245 654
376 211
174 394
158 42
500 892
599 704
139 110
124 672
115 716
767 926
950 106
538 792
885 591
478 943
120 327
410 663
902 54
785 833
91 454
585 969
650 28
447 53
271 891
520 855
370 2
251 781
930 160
128 362
534 550
459 376
703 981
523 307
945 613
820 855
821 58
143 34
919 263
954 669
773 167
243 590
618 526
801 38
964 534
553 78
806 305
19 97
460 245
280 774
670 320
967 563
985 434
790 773
977 566
904 470
85 81
674 526
290 775
19 319
80 447
875 508
657 833
910 13
969 631
919 321
578 197
598 256
430 374
410 991
87 773
364 507
330 10
460 697
787 289
516 162
957 464
8 341
552 796
520 820
889 123
616 733
983 705
396 503
14 514
516 448
297 526
608 751
225 126
583 408
767 207
263 550
182 339
862 721
80 935
480 63
311 214
766 397
953 752
77 408
650 560
409 870
46 365
180 935
841 696
366 910
438 491
286 431
315 348
300 8
693 623
196 73
660 344
954 125
665 454
719 831
423 466
702 216
964 182
859 904
527 424
346 237
220 710
556 104
370 215
324 676
436 798
682 530
868 825
171 27
725 912
302 963
375 795
90 153
747 203
471 292
863 614
424 973
612 294
873 790
303 479
990 165
312 2
111 370
441 866
228 593
801 194
412 123
77 655
995 148
120 869
627 742
640 767
551 491
829 261
354 231
356 425
820 504
145 192
271 384
278 809
682 505
900 48
298 494
692 178
285 740
326 400
49 793
420 861
882 736
580 947
982 719
655 351
333 983
830 915
500 466
1 547
899 22
519 865
305 885
425 556
10 642
893 615
241 960
771 225
245 292
927 482
90 743
915 261
435 756
149 942
942 229
836 808
864 433
2 832
595 195
23 570
73 301
983 809
477 743
897 70
125 332
263 265
195 111
826 215
940 179
816 993
870 308
375 846
242 1
891 404
907 651
776 386
649 336
578 726
773 879
355 956
664 307
938 817
778 263
1000 395
813 835
342 206
473 13
170 471
217 16
492 238
403 679
796 470
170 672
184 310
705 916
647 777
619 554
984 221
125 193
92 938
18 965
588 783
333 25
110 367
400 141
255 447
533 563
444 222
597 896
230 747
863 249
417 846
182 590
883 751
187 292
129 762
926 857
820 605
33 783
89 955
537 655
130 207
426 822
723 180
248 20
34 403
36 229
438 177
42 870
443 237
393 528
233 209
291 433
791 484
742 82
989 427
771 520
813 253
121 725
516 988
519 47
559 862
450 276
33 292
823 748
181 228
256 197
132 568
281 566
484 107
566 248
931 428
147 157
989 766
793 403
595 539
873 861
832 215
569 436
695 524
668 440
704 993
959 508
997 292
857 497
489 981
129 644
593 479
905 43
928 132
474 237
130 986
887 74
230 843
446 276
88 848
964 721
913 353
201 599
811 334
888 856
557 862
598 551
265 678
895 988
480 950
670 662
395 704
527 811
435 195
992 644
865 394
923 86
235 926
168 85
939 80
338 413
980 28
675 614
785 218
326 250
870 967
102 349
377 178
433 192
913 830
40 446
205 604
386 214
650 827
500 40
466 392
249 872
616 770
137 853
580 591
232 725
999 391
379 774
641 709
555 891
352 222
517 867
281 214
779 371
883 263
758 581
301 892
49 227
567 97
825 642
790 910
480 737
462 305
210 310
365 977
437 253
497 930
741 399
730 688
124 391
695 370
367 237
152 498
7 844
581 615
967 594
66 120
998 528
86 958
536 135
830 297
378 488
967 880
34 716
588 363
347 575
885 368
327 102
420 580
448 261
810 107
127 501
436 494
912 776
213 252
109 827
861 517
131 169
278 328
672 387
505 182
814 985
514 634
882 588
153 530
939 671
866 610
501 34
356 891
905 620
141 162
714 228
790 305
551 734
898 110
936 197
27 692
600 370
230 413
605 255
897 814
107 650
791 334
463 297
214 865
254 102
861 390
755 703
862 609
811 753
558 414
279 651
104 523
31 506
968 468
148 198
670 518
157 432
551 576
845 867
183 348
25 806
195 114
693 415
414 144
842 727
115 427
43 326
150 766
561 773
817 403
12 763
786 738
650 675
627 4
433 387
759 515
134 162
906 219
983 475
472 555
308 209
57 87
20 333
88 635
893 458
875 458
790 964
759 289
635 895
651 754
857 297
621 320
991 405
459 69
497 394
425 181
815 480
392 10
526 877
263 889
947 728
434 445
529 291
894 863
881 108
507 131
422 218
833 193
876 61
839 431
805 363
717 591
499 846
230 994
456 955
771 292
455 311
972 355
421 483
633 733
761 400
688 987
678 213
633 846
501 6
891 642
931 571
31 599
734 76
537 912
41 801
350 309
688 102
679 632
446 872
897 616
811 822
336 846
465 622
690 97
802 357
127 946
384 500
865 13
3 266
791 253
121 365
672 619
486 23
490 90
76 791
856 801
999 463
33 588
861 490
737 164
314 95
991 891
335 967
447 281
654 841
881 785
37 841
115 105
728 71
564 802
600 539
584 160
693 578
106 300
396 984
698 168
301 981
367 180
8 587
704 760
919 62
577 387
509 643
994 805
349 890
959 481
780 660
910 543
479 844
206 524
924 975
213 368
747 984
310 766
147 168
960 923
632 616
428 653
91 973
166 25
902 941
429 169
725 262
561 749
947 820
142 86
768 385
808 256
100 996
249 422
394 879
930 685
493 723
630 316
924 435
583 910
804 585
515 758
257 666
540 67
27 48
464 886
709 564
639 439
137 485
634 21
549 47
433 330
417 845
752 104
607 314
942 437
17 591
552 175
601 627
619 105
471 670
838 149
538 241
206 355
93 18
634 358
796 697
746 892
448 983
710 979
564 992
508 462
897 903
440 598
631 534
63 924
836 156
214 536
769 205
332 627
684 472
465 22
764 622
991 731
267 792
385 373
495 406
282 646
264 610
267 873
786 667
345 633
38 564
920 109
295 95
190 371
162 708
765 485
693 376
821 435
146 653
920 924
133 913
981 573
910 763
380 180
121 147
327 351
789 710
367 942
722 619
356 189
433 968
858 91
522 850
882 975
949 305
804 325
423 942
374 184
657 970
315 428
471 930
443 211
350 177
288 258
986 985
770 666
734 347
131 332
965 909
152 881
602 745
511 87
190 632
598 341
411 381
175 140
602 664
605 583
477 905
792 944
562 314
653 407
269 968
128 740
37 663
874 395
144 543
303 665
487 396
37 461
850 400
460 964
905 849
709 475
127 842
412 462
777 946
14 838
315 453
102 15
158 781
451 261
90 591
915 658
56 352
382 495
646 742
849 490
475 252
10 268
928 775
660 326
978 161
484 298
547 972
452 264
402 613
662 399
428 273
72 91
111 122
573 913
280 296
155 980
265 180
546 31
565 865
305 519
328 532
241 309
169 528
591 573
406 839
354 524
428 567
532 205
29 805
3 655
100 207
561 587
379 16
117 335
739 784
901 1
361 216
854 35
859 411
955 940
133 312
523 608
193 69
302 609
622 942
308 306
679 285
902 516
852 951
451 33
818 707
640 563
201 707
274 273
994 384
62 496
368 203
97 771
173 430
355 471
197 312
606 156
934 919
299 860
259 157
45 756
551 969
46 183
139 627
572 139
37 41
947 68
408 624
245 477
139 448
620 255
714 116
127 921
917 689
166 719
211 466
158 591
605 254
466 252
932 384
739 668
736 226
22 776
858 773
603 626
957 419
750 903
515 424
112 795
43 411
923 671
470 958
806 772
125 22
673 977
266 25
840 126
699 805
724 720
30 65
716 608
259 865
162 253
152 463
975 961
523 192
428 388
124 27
786 626
819 621
273 589
76 150
886 643
263 602
185 506
739 959
651 757
411 840
123 66
506 326
143 433
9 492
19 127
759 465
299 671
503 151
50 735
90 296
436 348
644 281
442 913
890 275
143 343
610 914
810 176
758 282
647 807
173 752
766 817
622 314
70 888
914 146
917 785
701 186
453 21
946 259
891 567
986 512
990 72
921 583
743 432
88 214
287 414
994 933
349 241
156 535
529 11
692 577
966 96
535 21
331 731
245 433
300 904
413 709
527 689
572 30
455 890
940 730
893 726
286 508
345 928
434 691
880 975
675 684
318 813
174 337
158 826
50 995
417 492
813 6
485 463
599 245
478 986
963 310
525 739
819 826
569 595
287 752
310 179
936 766
210 511
360 400
54 180
592 747
76 468
862 783
544 910
817 446
567 334
248 24
185 52
223 404
426 182
591 757
414 574
290 760
221 772
332 99
389 228
412 11
30 750
94 445
977 995
228 291
105 696
821 786
987 594
367 728
557 888
27 277
411 114
284 252
307 5
381 908
437 906
868 482
155 73
781 277
877 364
827 699
476 523
5 711
344 173
923 339
847 677
369 558
687 12
710 167
213 917
487 26
932 868
908 752
809 246
117 41
870 985
173 263
853 741
219 713
383 426
554 578
41 941
813 311
616 791
211 29
214 972
508 745
738 278
214 831
470 661
898 198
955 27
979 913
12 376
984 569
569 909
932 313
757 268
922 371
665 19
79 417
357 15
395 302
559 547
556 163
525 920
927 772
197 743
181 226
272 706
699 877
974 289
159 337
396 803
474 15
404 310
651 863
836 337
678 628
272 992
916 329
777 133
9 19
816 749
66 452
380 292
973 659
703 144
597 509
47 924
263 819
782 289
765 695
996 482
920 554
961 450
710 515
446 282
378 180
910 389
344 508
398 217
165 242
994 266
785 223
939 407
354 173
778 539
304 858
692 197
341 401
568 459
877 191
308 718
716 195
675 778
857 947
105 950
142 333
1 847
222 19
165 980
425 831
819 107
178 161
175 220
900 296
740 559
781 27
503 643
567 526
969 267
182 552
370 776
921 424
743 329
690 87
947 380
16 42
490 497
988 400
771 170
3 308
921 345
44 472
939 992
413 653
620 811
417 586
680 208
162 156
405 473
957 540
710 828
968 299
509 149
292 877
41 683
501 920
135 209
926 740
983 909
50 939
513 937
399 620
55 414
764 540
818 420
353 177
290 13
775 22
610 650
640 820
885 765
484 186
659 630
716 637
347 226
807 294
958 902
669 337
124 496
640 89
345 453
347 275
650 46
12 823
967 989
473 15
713 791
273 642
238 858
720 53
189 302
230 343
199 149
674 121
226 789
97 236
235 705
753 12
981 570
791 105
227 421
50 342
658 25
805 454
128 349
43 599
523 833
285 654
913 109
446 112
979 412
725 128
490 307
308 960
112 193
499 515
637 889
784 877
571 599
883 681
899 76
296 919
903 620
79 583
912 905
935 863
404 997
436 604
135 791
374 611
606 846
791 328
818 255
414 357
453 257
558 412
193 972
694 300
346 470
845 912
336 672
675 209
128 188
148 183
993 982
837 786
843 177
929 334
340 875
34 42
440 365
438 264
42 737
774 182
266 489
68 797
197 703
464 34
427 182
618 335
697 180
860 384
938 310
280 436
389 126
450 124
535 411
602 106
214 124
74 515
290 580
920 755
647 512
34 577
809 733
735 269
683 820
170 385
246 444
302 386
284 153
530 161
490 994
271 397
203 459
847 930
633 626
791 385
891 934
964 954
696 184
255 311
112 15
442 752
72 635
840 771
53 758
293 167
518 928
297 316
465 834
106 948
624 57
911 627
790 352
774 933
655 76
671 551
1000 780
201 937
274 935
562 82
157 814
486 954
162 580
509 379
46 434
12 198
729 620
524 246
839 531
680 168
590 687
348 46
991 980
281 227
654 732
714 331
733 189
384 276
196 7
728 547
146 882
737 299
314 204
647 130
431 887
755 955
93 544
149 254
560 187
354 990
210 508
745 263
589 256
2 528
158 247
677 941
380 35
234 713
181 62
796 91
972 799
884 499
51 734
837 963
803 591
91 801
57 113
973 131
234 284
551 170
966 390
48 555
967 826
270 158
476 887
494 504
195 573
344 481
878 354
283 142
892 394
880 322
679 292
437 905
403 638
498 681
445 430
620 380
254 905
994 73
895 884
587 218
491 65
378 853
805 240
629 284
13 195
465 575
600 14
250 395
127 963
662 970
240 685
793 649
979 178
248 168
980 217
410 510
98 694
376 76
509 240
970 866
279 604
951 632
945 32
804 237
58 395
296 540
23 603
500 868
380 754
641 408
549 71
309 314
498 325
81 171
444 867
673 559
121 730
486 482
694 135
716 971
955 361
208 306
831 490
778 226
543 422
702 541
6 20
866 197
696 726
806 559
186 760
812 340
264 834
449 346
195 362
575 546
128 305
57 141
4 652
578 313
997 289
297 417
968 569
473 509
147 124
475 539
117 950
317 308
32 460
824 447
117 551
152 597
616 154
351 311
600 944
274 408
705 263
39 664
603 19
943 454
428 913
736 958
532 623
956 62
740 714
423 654
248 520
688 869
818 684
914 219
534 32
45 637
706 345
669 579
31 574
92 568
790 441
412 182
913 930
625 408
843 289
22 134
939 850
942 471
790 155
867 564
649 713
120 911
227 981
249 877
710 930
732 878
533 619
36 181
6 549
541 988
908 449
275 118
918 102
332 691
205 699
461 785
832 683
29 589
671 930
992 33
479 701
491 405
392 759
375 636
943 702
27 643
516 812
205 413
599 845
162 48
844 203
516 947
451 463
404 501
873 28
11 317
51 888
402 754
954 839
349 783
613 194
137 359
716 717
275 497
223 495
501 536
638 766
200 592
733 730
916 366
185 476
114 394
26 984
333 748
907 549
360 790
71 657
388 86
748 604
783 111
477 530
562 920
869 748
947 878
786 208
626 275
277 811
481 704
504 543
929 696
381 947
80 578
83 741
468 41
717 650
79 657
173 428
339 828
201 803
754 657
922 837
460 772
409 302
563 77
947 298
758 248
687 180
874 493
32 626
932 351
16 166
14 945
552 504
682 28
999 420
582 212
442 115
962 890
484 490
690 301
254 226
158 879
430 528
107 645
881 254
609 475
903 51
905 315
157 397
547 29
395 280
876 727
37 803
369 439
964 178
618 842
716 531
823 873
94 907
475 903
797 334
67 49
487 852
346 152
493 279
993 695
981 514
263 455
546 33
307 623
78 450
872 578
393 122
360 227
489 513
864 563
351 431
522 921
400 274
545 104
213 458
195 691
566 454
682 195
60 595
307 186
679 178
493 859
385 1000
631 149
498 563
449 221
956 644
170 273
389 561
269 219
161 562
130 675
481 349
338 574
768 140
476 464
187 687
444 96
809 32
667 22
814 363
411 468
140 174
213 813
266 532
602 880
179 545
690 495
728 774
875 937
794 433
211 353
987 384
577 976
564 958
732 116
105 140
685 857
298 566
25 150
732 995
909 642
777 572
389 302
536 437
929 218
214 332
108 839
16 704
704 874
464 15
260 300
629 417
975 852
411 697
986 63
539 677
562 894
299 364
123 96
344 371
659 252
865 791
437 758
425 150
688 540
895 599
27 279
436 417
706 54
744 658
958 496
728 166
175 245
322 587
269 80
416 524
678 244
535 341
205 850
386 940
244 904
412 632
969 365
683 457
700 395
362 334
23 770
1 444
808 60
779 621
175 440
857 529
219 632
864 371
184 997
706 822
603 926
839 758
59 64
426 709
957 615
664 293
361 424
694 378
680 276
921 14
371 67
874 86
414 461
567 25
91 320
638 918
729 922
470 996
807 415
388 575
741 407
452 422
483 930
194 877
525 999
471 379
57 35
901 264
974 342
816 784
545 310
855 209
811 23
833 499
269 441
311 996
169 987
138 634
911 65
824 89
381 844
19 185
757 709
619 748
70 625
869 677
160 97
179 447
904 96
247 852
288 261
381 942
493 692
226 81
133 483
529 294
986 599
921 652
796 212
869 826
122 401
428 778
982 523
566 970
92 569
934 878
205 886
847 699
596 377
945 391
785 222
733 288
52 942
58 616
741 789
406 38
367 712
766 696
69 168
936 237
703 290
983 681
396 351
144 384
220 187
314 816
331 882
337 497
747 170
729 683
894 175
738 427
45 81
772 396
818 467
271 563
608 899
716 921
111 929
585 631
766 93
611 451
208 287
741 395
760 891
437 997
985 618
893 177
952 349
536 28
488 477
626 223
350 999
856 616
322 92
986 247
665 511
916 734
534 773
356 291
194 386
549 540
199 151
202 180
757 729
422 178
763 120
982 474
749 69
274 509
916 572
369 825
158 950
252 594
370 955
359 307
910 129
683 633
207 355
190 539
728 158
502 281
14 741
911 537
614 702
156 526
505 404
878 855
540 420
616 706
357 560
8 763
643 365
383 364
921 315
745 607
876 419
715 615
898 29
607 541
611 598
686 100
860 288
943 639
451 341
783 998
475 331
21 203
779 403
599 626
211 309
31 486
803 25
387 830
929 467
966 598
972 535
371 936
135 469
16 611
704 656
635 676
686 544
11 344
285 409
949 178
164 223
206 645
836 260
124 22
434 911
591 530
280 438
320 739
925 90
903 564
221 829
955 751
428 677
363 824
837 783
416 37
166 606
705 865
659 80
627 580
940 287
56 362
22 515
26 952
122 247
361 853
296 200
355 359
909 394
607 189
757 105
723 976
355 500
371 418
505 455
469 612
566 946
351 512
814 360
157 955
162 979
245 376
552 183
491 133
331 732
398 504
118 676
399 787
643 63
455 887
187 509
757 388
1 226
940 395
233 137
675 126
694 270
876 677
917 37
6 780
44 87
997 887
390 111
428 182
581 904
989 499
793 152
388 580
405 866
214 466
877 626
676 739
829 783
314 300
336 428
487 891
915 794
112 560
55 880
20 365
518 36
925 62
563 692
105 387
416 210
787 453
811 443
425 260
724 296
544 734
119 102
797 191
184 221
187 782
630 534
332 493
226 872
833 304
651 611
446 381
450 864
35 850
551 394
922 240
187 895
521 115
134 718
450 659
92 816
863 5
458 536
995 917
174 730
967 491
678 154
610 804
22 926
135 661
246 184
943 2
921 943
662 750
495 651
705 137
766 562
269 928
397 235
176 394
752 838
698 677
619 710
629 833
637 912
456 407
993 80
26 932
528 59
325 3
839 753
399 740
20 751
17 614
903 340
703 533
909 963
185 921
573 566
296 542
101 341
263 74
871 817
201 391
845 854
650 324
509 833
978 241
977 503
65 733
848 928
293 997
152 411
760 880
857 50
428 440
929 229
795 790
552 618
954 784
191 107
12 782
821 32
697 242
223 688
309 252
57 147
494 184
846 909
741 217
962 150
178 649
610 782
981 795
855 822
714 678
471 969
406 520
192 644
174 532
801 382
367 761
316 893
192 819
251 272
269 145
606 394
865 540
667 258
298 419
601 10
587 107
2 447
956 828
939 694
247 629
231 336
967 348
348 684
11 516
78 252
468 245
738 215
280 547
889 97
482 921
411 415
182 478
700 31
684 628
595 307
207 57
92 601
211 58
139 297
432 317
305 1
547 23
469 894
418 736
720 928
865 73
102 176
33 927
841 32
879 600
148 440
477 436
543 209
546 599
547 146
620 964
803 124
63 956
193 918
547 99
276 75
728 81
194 940
637 504
802 175
968 155
751 368
771 760
638 770
517 633
884 390
374 503
618 342
164 906
310 920
186 666
724 472
801 79
517 795
220 909
242 213
260 500
669 112
327 692
639 934
157 95
821 181
109 513
346 855
351 474
246 292
929 860
15 147
143 462
790 799
612 262
96 993
796 484
781 632
967 141
832 432
118 157
709 982
122 208
769 853
293 63
418 592
299 994
123 599
329 244
601 534
45 752
672 394
254 318
166 624
444 370
905 736
358 200
605 329
40 415
940 754
796 590
926 549
287 85
658 619
921 171
236 914
441 869
615 150
728 586
215 260
641 341
54 898
681 948
846 414
43 415
449 964
110 405
325 458
279 868
564 762
447 454
716 443
513 12
162 82
219 111
314 265
651 954
293 957
613 228
131 641
190 271
319 875
109 325
609 901
114 93
280 439
707 496
356 226
229 892
807 21
523 418
32 391
164 652
327 432
19 131
882 937
80 371
946 586
96 88
678 925
403 886
773 935
924 53
598 68
1000 691
543 845
394 884
717 586
173 748
620 283
982 342
964 933
174 513
352 625
155 30
203 298
667 123
596 323
10 938
412 534
514 458
930 591
553 112
49 819
793 108
648 284
705 349
528 306
862 405
978 654
923 307
106 853
732 929
219 542
687 315
729 625
327 248
951 502
607 624
849 532
634 702
466 220
267 21
445 50
969 179
902 372
671 100
638 233
159 144
748 813
917 19
287 764
417 785
220 305
58 212
778 205
752 918
90 805
475 997
829 782
665 341
76 536
392 495
10 34
798 27
397 866
661 257
954 893
556 985
155 912
23 341
270 323
237 244
536 85
129 513
4 683
460 85
909 655
156 382
518 436
800 841
998 684
584 752
677 541
90 409
473 23
790 852
661 596
701 391
604 642
448 46
795 895
78 873
593 207
204 903
264 604
425 950
687 810
11 174
655 264
574 344
706 368
778 837
602 641
399 267
505 86
588 876
383 182
404 715
942 335
161 830
843 262
771 37
790 259
188 209
961 983
871 364
709 337
179 910
965 717
519 976
757 69
244 168
220 586
249 854
434 704
383 295
666 55
478 521
211 398
361 285
548 55
549 474
250 217
129 391
569 913
823 28
320 77
917 471
337 181
284 852
909 595
931 231
521 871
7 64
64 922
621 814
993 531
889 738
142 584
860 293
937 768
501 833
483 458
356 68
484 17
671 271
347 267
384 831
759 710
206 706
419 791
578 253
595 654
688 476
543 598
786 969
511 542
357 707
596 848
224 568
268 923
621 259
911 67
968 651
588 528
203 182
775 359
43 833
321 39
838 524
655 78
471 953
743 500
866 349
612 308
388 403
179 46
368 85
243 951
139 876
398 653
947 53
573 917
938 720
210 571
248 634
799 657
622 608
575 618
27 896
733 318
888 697
835 902
782 643
287 227
6 307
371 402
238 242
84 821
89 921
370 644
628 298
137 863
615 28
860 519
215 498
141 491
36 263
186 244
370 633
831 708
157 565
435 931
917 491
901 918
315 329
11 80
853 825
529 531
508 350
399 409
918 911
478 918
708 55
160 741
95 450
881 941
807 445
404 496
557 214
280 190
323 224
15 734
443 138
852 700
636 288
357 139
200 452
898 669
690 393
393 287
32 269
17 607
180 445
312 109
868 98
595 682
523 441
854 437
639 929
626 44
185 338
835 269
761 731
860 845
52 993
117 681
152 803
303 4
674 632
416 872
515 676
454 240
420 800
535 980
4 167
812 782
136 375
601 101
819 218
882 582
619 889
670 775
196 990
593 778
766 587
624 96
788 873
491 155
735 692
424 365
396 494
129 301
457 232
166 704
837 117
586 183
879 526
1 363
737 33
979 988
84 696
675 503
513 496
795 837
801 305
439 814
111 184
561 460
447 739
931 46
397 390
681 955
349 733
297 930
289 882
82 331
889 553
453 688
76 429
976 867
6 64
977 476
964 204
345 436
751 4
632 939
404 379
208 140
796 76
907 356
358 966
383 253
72 115
169 631
705 581
371 633
651 667
302 821
78 68
88 577
324 577
177 646
899 677
293 670
40 839
942 773
289 303
843 832
751 843
113 99
419 956
739 819
521 196
27 415
100 895
104 378
565 147
514 903
643 569
639 475
683 808
145 362
599 500
14 58
623 498
370 357
208 615
463 945
908 610
142 158
524 358
53 577
10 984
585 315
174 815
502 200
362 439
383 95
679 610
799 617
305 797
771 456
919 64
939 782
691 225
378 684
70 174
164 39
684 942
650 874
11 732
236 721
220 206
948 387
905 264
40 267
719 85
542 566
120 57
728 696
512 613
414 325
676 952
185 243
980 534
31 452
270 772
550 800
479 758
462 448
803 388
396 982
954 24
297 406
957 173
11 233
463 134
161 196
509 812
989 610
362 592
578 527
389 444
500 593
211 926
267 976
197 671
881 710
121 909
591 752
134 275
372 826
660 4
233 596
696 796
419 971
42 114
207 860
433 823
251 40
70 556
416 67
437 755
900 253
792 414
643 897
597 341
912 675
584 576
848 853
740 323
857 41
821 910
221 594
772 70
574 206
478 35
299 924
670 701
451 949
947 984
910 204
382 607
553 433
681 132
619 944
781 353
417 982
425 855
196 534
41 775
919 100
637 829
193 588
925 819
529 234
622 247
552 149
553 252
496 571
745 644
194 40
80 21
13 298
444 426
690 40
685 137
580 481
340 602
87 286
974 153
131 577
405 162
963 392
712 904
452 131
327 785
333 128
461 75
79 428
137 621
581 874
654 990
343 107
730 142
918 595
542 659
209 3
131 509
876 937
609 738
946 975
752 770
24 215
134 364
778 29
12 776
489 589
271 13
272 997
347 443
332 45
645 891
742 608
48 636
347 552
369 48
688 428
85 212
745 467
86 119
434 492
821 192
72 894
751 643
722 647
942 940
467 524
798 560
985 463
913 346
861 676
62 335
599 444
912 542
216 187
315 397
308 715
401 31
368 86
188 289
647 874
975 933
430 354
291 568
341 9
65 347
487 164
60 90
500 273
248 490
361 589
583 142
17 94
956 28
405 258
317 982
529 214
857 705
508 667
605 355
92 894
740 778
255 658
512 783
784 36
400 797
292 795
899 373
281 46
562 233
949 743
788 539
573 487
775 879
499 102
671 942
196 462
388 922
383 568
439 890
760 65
119 710
46 712
432 236
732 63
127 551
112 836
702 707
382 718
119 631
730 520
604 225
761 540
915 630
845 201
264 516
634 824
896 89
492 730
937 867
845 90
167 946
471 76
964 41
289 32
226 74
825 982
589 85
882 161
683 400
167 3
907 712
238 535
730 989
753 340
418 503
630 690
705 745
902 845
233 556
968 601
18 320
226 703
961 304
503 137
929 850
61 879
99 4
230 878
602 437
344 477
532 408
559 198
220 262
106 699
857 97
472 1
625 205
398 809
520 4
274 267
706 262
778 907
636 971
51 71
792 867
540 129
193 490
675 954
443 746
820 169
474 840
291 818
438 935
679 863
904 603
529 178
583 259
316 310
535 237
405 504
709 74
743 442
72 129
469 897
188 623
561 451
174 430
603 584
551 744
864 28
186 120
922 436
274 704
836 210
385 262
243 246
466 939
132 616
704 659
216 793
87 46
381 461
147 365
774 58
155 950
542 38
356 29
466 717
512 117
808 972
474 192
424 949
827 922
481 804
668 584
579 63
928 485
363 854
233 639
459 237
857 306
582 961
368 289
647 639
744 924
303 197
51 276
878 331
494 592
49 843
381 994
493 744
795 415
481 736
706 507
69 553
145 73
553 340
455 300
154 297
505 91
8 694
858 551
937 70
170 575
304 581
800 346
969 373
382 770
884 576
443 906
690 137
585 933
982 929
858 962
326 197
221 49
704 21
706 959
869 482
468 414
642 471
373 487
214 789
234 63
969 32
571 340
331 831
922 246
462 39
634 700
180 796
931 124
426 636
72 12
163 855
449 934
746 180
310 181
662 478
964 146
699 839
245 785
251 860
419 748
668 573
296 709
836 379
638 298
886 737
247 441
29 230
813 330
677 512
498 881
825 232
274 30
132 128
392 45
373 869
155 478
798 612
672 83
964 923
734 497
202 174
784 652
852 203
549 21
507 702
861 771
221 484
701 954
994 164
871 366
302 95
457 214
168 159
975 188
749 73
55 146
224 150
872 770
300 795
961 759
727 668
653 281
305 107
180 833
896 562
515 200
488 961
223 941
617 722
764 647
301 255
15 945
456 120
963 390
421 806
962 702
64 621
484 430
712 905
91 646
220 352
216 323
965 458
923 970
342 294
994 849
738 967
78 284
190 378
252 23
256 332
369 469
258 790
751 266
392 284
693 242
587 595
803 622
116 822
346 975
994 947
68 624
458 404
169 991
77 766
596 850
597 391
707 347
509 934
19 189
609 765
728 505
58 206
910 399
863 469
350 184
869 580
411 84
564 22
453 761
784 589
231 508
514 622
108 9
933 72
520 35
279 74
27 21
397 187
92 565
273 373
495 680
245 81
675 622
38 328
141 182
608 603
308 921
572 254
315 143
61 383
836 571
28 616
479 580
54 744
2 79
149 780
81 718
460 963
427 41
231 896
126 174
129 368
541 983
157 192
875 885
768 553
810 1000
763 984
482 891
451 282
131 96
987 17
99 796
851 365
578 533
825 650
219 151
596 372
261 390
353 621
228 847
85 706
33 367
949 809
418 163
238 288
389 354
393 871
973 109
560 461
538 515
599 942
181 113
842 925
994 996
631 505
560 422
781 770
270 313
988 534
324 822
60 725
834 908
638 626
199 258
935 142
773 63
575 103
636 119
787 111
296 434
26 711
597 268
523 665
891 35
459 959
616 266
304 892
105 779
752 378
127 322
572 461
790 636
222 82
792 757
316 243
479 321
178 236
269 3
198 235
109 964
990 87
991 314
460 690
724 359
544 197
302 181
32 937
790 350
829 188
98 422
601 261
107 60
624 98
990 369
614 525
193 523
158 551
178 417
718 543
535 127
495 930
956 144
481 240
10 614
376 26
68 304
620 773
628 264
651 499
452 38
456 33
37 716
745 381
192 373
219 834
366 919
780 827
140 602
832 971
682 761
479 557
461 18
172 203
194 911
231 616
271 817
552 569
757 805
150 758
396 786
458 891
221 832
259 870
8 550
744 336
691 875
375 786
893 337
622 273
604 996
38 966
34 692
204 474
900 951
985 763
610 728
310 510
152 756
463 748
462 977
854 471
947 691
506 321
511 720
122 775
687 573
686 992
636 155
161 747
130 922
368 433
442 920
759 95
248 871
749 37
511 822
302 548
874 886
394 962
408 343
648 33
939 610
468 818
505 90
622 687
165 918
437 849
297 294
429 801
529 115
838 391
108 224
400 41
74 80
936 395
19 689
131 939
39 786
154 456
709 378
965 768
811 724
199 177
383 447
495 593
957 380
470 502
641 635
126 151
418 692
438 819
538 229
957 749
718 383
638 306
3 630
672 978
486 158
487 691
723 385
997 780
104 623
746 34
486 361
676 777
881 777
955 210
495 21
6 768
135 420
655 669
784 410
592 595
793 156
779 145
232 322
930 31
919 905
186 383
236 196
320 805
102 901
907 309
693 364
507 457
695 434
73 903
320 852
433 554
102 522
674 139
233 713
380 168
532 29
950 740
147 249
994 940
223 290
354 463
716 897
100 63
356 129
817 657
412 147
227 180
502 878
380 398
757 748
539 553
668 371
762 658
691 658
798 730
18 24
990 866
402 251
432 843
990 915
118 169
764 347
584 977
677 380
200 986
386 647
403 543
151 133
912 579
595 811
844 370
666 638
465 804
500 392
123 675
235 941
32 654
482 798
970 59
329 177
771 38
154 44
654 497
343 944
932 243
74 199
3 193
885 61
297 572
460 984
580 717
194 33
418 728
438 799
295 642
520 580
617 576
144 296
664 527
6 962
376 193
586 860
514 17
112 715
662 650
982 557
641 887
984 943
822 467
492 978
474 325
129 166
430 700
664 860
24 59
512 420
261 306
959 303
7 210
20 222
431 902
507 356
15 711
567 314
471 385
945 390
497 782
29 935
232 205
929 249
323 150
52 376
163 545
484 113
892 765
996 183
464 480
495 753
518 4
522 971
692 319
323 436
986 28
702 240
892 794
652 925
817 782
88 682
341 184
218 309
762 454
330 683
203 171
701 424
263 545
49 769
606 511
507 669
403 714
113 783
264 132
86 343
329 482
807 653
99 200
890 197
363 207
109 699
147 248
373 922
822 849
839 141
115 514
207 231
649 350
891 578
508 806
418 487
478 462
158 439
102 330
503 777
736 496
850 392
687 271
488 729
196 298
895 488
681 674
61 467
353 785
192 401
577 994
235 833
49 137
751 414
182 111
647 179
202 382
236 840
269 678
370 342
978 153
154 631
599 843
945 800
453 729
30 653
484 161
945 689
323 229
217 618
608 341
497 810
150 858
346 49
826 263
976 152
650 41
601 573
907 714
424 748
557 856
48 538
640 382
103 201
609 863
601 991
928 185
507 844
329 700
330 719
702 127
61 877
65 106
263 925
912 749
696 52
322 215
633 163
518 669
49 958
992 714
790 637
1000 260
744 751
985 203
971 238
827 760
65 293
31 536
767 258
679 712
370 980
259 133
922 847
107 63
309 791
143 831
41 861
481 134
581 347
548 185
420 487
663 421
724 181
255 445
802 523
185 763
644 534
663 282
810 826
426 759
465 283
180 950
955 88
349 681
813 26
779 406
599 521
853 799
475 255
529 569
160 661
214 600
602 217
626 568
474 317
594 26
868 717
885 574
763 948
741 426
980 834
567 354
521 889
533 446
646 119
850 722
209 218
780 817
734 844
660 55
43 95
462 935
547 607
679 74
705 715
958 135
523 422
747 900
289 300
553 559
934 412
938 83
223 239
423 921
852 765
579 863
386 663
764 449
346 678
312 874
166 69
284 558
521 90
523 644
980 691
726 909
408 830
714 589
625 30
471 866
916 989
829 396
832 400
743 714
840 955
910 247
292 266
293 223
421 490
136 278
959 622
529 481
783 412
776 326
939 754
580 820
62 615
662 387
658 790
739 321
904 746
245 8
601 352
662 801
314 659
406 227
779 583
27 762
727 773
728 925
16 105
515 65
438 816
644 635
974 998
443 106
797 887
344 533
241 847
348 37
520 568
300 691
727 619
549 435
241 728
2 854
385 70
305 303
419 291
862 981
175 998
452 313
825 705
76 637
205 95
461 53
246 821
24 130
848 381
883 786
298 850
794 639
778 88
786 561
431 594
432 916
180 338
871 310
574 550
996 156
484 968
94 651
151 704
152 674
116 659
601 629
927 735
659 149
539 699
542 290
726 207
749 230
531 975
753 227
331 85
837 979
407 280
190 217
664 82
26 572
28 66
490 961
867 471
625 58
772 65
227 482
88 924
910 211
35 695
821 572
865 612
815 82
981 326
451 839
468 111
131 121
562 271
780 346
801 657
951 643
780 483
505 503
210 885
211 180
583 308
508 882
823 453
808 7
956 234
478 610
226 395
33 773
490 20
861 35
131 676
706 816
874 190
471 682
490 167
936 789
774 565
923 561
176 922
16 883
21 14
996 636
210 185
375 657
550 835
711 469
279 827
600 704
822 8
198 552
287 732
716 962
112 938
164 872
447 26
251 653
68 973
34 109
497 781
115 362
613 215
467 981
927 925
164 915
111 222
719 543
946 861
871 752
360 146
103 842
234 759
110 34
220 934
80 17
685 620
355 921
119 208
553 982
146 420
235 488
762 580
427 405
886 958
971 208
646 488
597 374
446 258
91 593
790 743
772 406
744 869
908 398
857 10
161 515
661 854
130 955
13 135
855 640
606 286
49 790
832 375
300 693
783 468
350 363
136 24
283 318
856 236
412 602
423 17
519 931
128 620
916 528
253 838
92 452
789 474
934 733
502 38
410 329
528 28
940 980
288 933
770 505
384 292
738 421
529 592
707 590
486 167
658 256
174 638
836 249
714 169
766 126
345 642
876 746
825 648
127 544
59 832
211 637
450 479
585 264
509 864
721 952
833 774
542 190
34 113
556 14
759 561
685 686
673 814
431 522
267 541
713 573
863 631
938 346
761 981
786 918
345 382
613 603
668 406
819 827
718 202
432 698
87 474
934 369
909 5
631 281
296 790
393 289
783 116
125 756
628 775
170 405
139 942
161 702
329 524
950 894
648 184
833 108
711 135
292 279
19 441
739 70
79 745
316 141
578 216
173 532
726 832
35 591
644 979
791 924
577 16
562 324
9 604
822 818
298 305
481 397
844 522
611 785
300 552
946 118
846 174
918 496
334 763
68 419
733 399
609 129
701 849
957 711
50 869
552 511
805 915
510 107
112 566
844 895
794 420
859 630
280 240
167 527
44 218
851 154
546 628
709 216
905 310
236 798
426 534
561 81
74 49
897 119
275 711
262 67
495 707
636 280
116 922
100 295
337 915
101 74
48 330
549 804
953 207
807 306
812 388
893 367
808 975
57 93
29 31
274 166
902 812
79 526
937 399
701 970
533 683
958 23
227 235
530 262
787 141
485 362
977 527
502 34
291 663
184 293
294 798
499 856
302 501
654 78
581 538
960 727
348 627
904 909
134 774
490 652
252 995
604 941
844 735
424 18
596 328
942 308
432 330
878 906
541 714
780 262
545 655
123 999
72 627
92 366
37 315
476 205
296 891
763 567
748 289
804 19
499 383
59 204
442 316
6 597
174 898
413 589
788 623
629 211
745 462
763 789
92 35
185 903
519 286
775 944
262 269
869 314
653 468
90 524
91 381
2 710
665 62
46 519
103 498
675 245
324 493
789 101
257 316
634 780
854 565
674 423
141 447
437 59
333 506
209 180
802 67
401 602
778 40
262 841
745 516
512 84
531 752
510 829
497 66
540 610
43 954
794 798
765 313
604 633
204 79
207 856
423 815
463 706
542 291
433 811
660 190
5 411
544 323
504 640
673 417
490 959
471 964
77 569
5 300
928 81
748 818
36 630
327 177
925 290
525 308
317 123
635 480
193 181
195 835
217 319
805 390
398 996
972 441
630 165
995 1000
193 294
342 641
222 187
144 337
654 324
161 817
36 955
58 607
115 610
520 872
4 409
649 580
156 588
288 700
883 617
460 986
796 540
805 986
844 816
651 428
223 802
11 3
751 388
236 983
111 805
276 462
666 210
262 218
564 921
256 879
309 258
475 38
718 230
242 743
403 752
6 226
238 267
148 119
646 786
73 976
552 898
648 577
385 621
815 735
670 182
926 220
233 683
65 500
203 847
60 716
670 193
877 771
825 152
347 556
243 751
982 70
270 66
165 360
166 51
773 105
540 868
887 95
283 245
485 743
517 84
421 79
354 49
302 450
415 76
87 644
273 72
626 374
938 842
796 188
688 797
11 202
531 313
515 732
4 351
903 861
944 786
62 429
908 949
107 196
179 211
876 864
187 748
528 635
79 810
3 810
128 766
164 20
866 922
80 779
465 531
301 429
767 78
532 939
206 474
575 887
137 539
785 497
608 700
124 395
706 789
158 744
698 933
405 81
816 280
270 849
841 974
111 825
557 47
579 482
133 584
941 289
998 338
893 104
15 692
567 491
589 367
834 630
923 939
194 985
926 30
450 335
12 714
986 301
163 590
791 4
877 399
261 165
651 997
341 919
859 70
843 637
94 689
95 664
972 787
480 841
419 661
859 247
56 136
408 645
94 576
255 832
355 948
284 488
57 802
208 850
118 501
720 273
892 228
3 175
593 321
933 537
268 523
711 241
106 676
700 518
611 557
421 99
959 999
999 570
218 553
792 760
334 943
134 795
503 600
387 339
145 498
628 855
855 253
458 75
424 55
300 666
743 390
322 650
566 937
74 59
539 95
714 235
552 194
334 760
11 695
837 239
469 683
399 772
919 640
457 147
904 558
571 332
679 953
45 29
644 649
766 441
659 993
918 834
843 663
249 627
505 985
968 479
971 992
861 268
849 460
779 25
543 64
310 712
324 394
418 83
773 844
862 910
812 103
944 55
6 571
468 651
654 550
940 195
872 281
564 631
216 797
19 966
345 447
452 485
46 475
759 532
229 789
301 648
711 657
215 838
381 442
972 835
938 319
759 645
928 505
32 302
674 213
638 514
746 857
9 82
670 281
782 375
170 509
200 707
407 502
197 143
109 242
436 294
460 412
299 550
375 339
412 479
964 796
346 599
772 111
983 960
508 401
922 655
541 423
303 916
696 304
571 684
952 922
142 328
123 521
435 437
718 860
849 979
478 501
814 371
597 865
49 267
179 952
503 293
813 713
282 435
959 908
941 165
482 714
429 81
567 879
733 3
257 224
276 324
554 77
336 615
723 21
73 328
813 124
797 919
727 474
935 553
558 304
64 948
449 954
368 13
167 784
168 882
262 44
161 223
234 511
368 901
870 288
431 604
927 955
879 82
664 97
242 53
703 896
915 522
263 547
836 359
164 968
114 123
665 633
351 378
315 816
707 466
543 632
838 888
621 648
824 214
643 890
739 965
407 421
207 470
169 880
722 668
688 532
321 93
527 5
125 699
807 789
367 738
66 779
319 591
892 387
346 555
153 693
196 893
657 773
721 869
990 899
619 951
321 744
974 695
226 167
979 351
62 513
429 770
70 124
507 690
183 823
630 68
344 510
200 271
388 537
982 961
749 586
538 341
638 994
57 752
633 93
884 377
903 687
112 639
917 937
577 539
742 511
716 798
422 913
810 899
116 142
300 53
804 550
211 754
414 53
185 787
578 842
79 427
135 389
750 564
131 67
684 98
794 558
724 675
963 173
103 614
806 725
94 843
604 192
206 853
580 882
746 438
216 725
738 44
551 867
755 188
132 435
629 683
252 386
76 208
977 795
337 644
618 543
92 690
255 946
935 230
204 108
557 688
651 567
915 394
313 476
756 816
264 56
726 88
801 375
161 656
26 542
299 622
56 829
216 128
969 582
507 899
950 771
994 499
888 882
209 893
853 60
416 529
776 177
615 598
155 220
909 459
753 713
865 503
313 920
443 857
945 447
864 521
947 217
245 462
136 526
8 987
141 259
642 488
443 39
452 959
744 923
735 636
24 606
906 516
762 442
233 296
548 81
624 439
12 278
286 333
401 997
257 89
495 217
885 417
319 803
769 38
3 762
967 874
401 775
898 629
205 101
371 837
372 554
927 994
767 739
43 829
294 421
629 718
43 231
7 832
764 875
52 351
643 916
227 818
592 828
994 992
761 987
264 871
32 259
142 840
882 45
735 293
872 107
657 641
329 720
330 635
961 267
464 749
857 330
769 908
668 182
190 854
339 632
164 629
848 786
140 462
256 775
65 393
781 339
765 804
28 62
166 393
540 158
763 463
819 81
527 896
14 749
18 656
711 68
421 725
188 32
460 829
871 349
84 113
545 737
378 658
491 145
308 889
827 987
258 82
499 698
653 123
451 575
115 970
899 917
795 278
887 900
301 33
943 918
639 39
641 652
45 253
739 210
386 289
81 959
334 411
451 349
658 757
491 588
129 449
888 40
232 588
769 145
733 192
185 986
370 486
153 372
872 636
470 949
937 928
920 146
722 226
365 914
465 75
845 232
537 143
385 394
102 897
564 624
768 117
197 677
881 732
399 153
517 582
510 692
632 378
324 568
691 924
263 591
894 617
251 610
916 267
664 292
613 975
464 314
838 940
90 396
735 316
276 537
830 64
613 848
479 569
621 453
161 751
992 736
242 466
133 257
562 949
579 977
325 553
201 539
294 796
630 342
522 627
585 765
934 204
351 874
355 367
529 486
71 347
753 768
113 417
781 200
361 639
378 839
911 581
473 617
681 76
19 693
278 66
226 371
356 914
31 910
889 34
136 966
214 959
310 322
771 236
41 975
685 270
544 877
282 291
525 421
710 995
913 643
789 272
385 42
738 504
172 502
927 102
140 788
417 505
789 129
171 694
957 971
417 915
968 508
56 662
935 552
883 203
521 844
793 247
578 871
116 218
742 50
764 606
380 855
308 968
271 736
869 181
689 279
893 47
698 47
131 945
777 948
86 784
424 775
591 585
336 51
445 911
321 385
89 756
592 772
39 59
332 7
902 895
617 343
345 180
454 630
522 929
113 944
683 108
497 465
854 503
643 650
282 574
709 885
251 159
363 441
991 203
597 192
481 554
863 13
80 628
8 145
174 738
490 607
152 377
229 489
832 366
652 569
636 520
784 641
87 960
456 594
255 418
292 440
192 124
176 593
411 282
292 745
807 88
24 933
463 38
448 773
781 125
896 745
900 605
888 275
128 584
64 469
118 664
323 589
658 539
92 483
917 766
19 943
370 765
760 333
580 600
282 263
768 578
732 819
71 643
241 872
883 393
595 125
300 167
15 956
162 320
860 111
239 338
24 353
798 461
84 621
927 235
175 790
23 706
950 11
55 685
132 670
668 888
523 39
524 500
472 721
324 338
760 888
997 117
160 958
951 489
270 439
972 821
771 799
963 970
926 194
656 994
472 810
57 155
846 788
977 794
262 698
66 475
229 957
433 964
820 240
458 401
683 72
863 358
502 846
985 633
833 276
65 130
178 995
35 886
625 74
630 485
758 302
333 945
407 174
815 285
839 107
625 219
494 764
5 671
317 157
834 361
178 197
855 669
770 513
790 452
27 362
175 144
166 72
607 253
331 446
761 197
887 669
191 922
395 989
434 957
753 601
946 32
306 323
544 993
838 103
737 941
574 126
280 602
923 496
463 427
323 540
984 625
141 484
642 11
201 329
898 161
827 13
900 794
962 876
703 531
768 733
550 824
112 747
920 264
629 826
135 91
319 270
121 531
195 244
512 722
465 481
491 641
405 817
297 984
872 656
964 64
106 695
293 816
935 321
383 772
7 818
581 729
414 816
788 101
664 43
519 151
388 939
906 40
618 350
560 221
369 500
670 144
195 304
927 515
74 899
421 476
579 214
51 401
638 631
455 147
699 207
707 314
892 230
56 488
187 846
60 560
996 485
49 801
331 239
744 836
434 236
579 543
383 211
826 822
213 880
568 353
936 261
240 946
408 862
749 66
89 691
696 389
523 906
322 605
644 877
3 127
830 624
173 307
965 791
54 606
515 984
990 378
187 379
297 495
82 275
62 681
232 768
474 965
954 459
531 391
706 964
340 698
322 989
308 532
406 500
700 170
116 33
732 106
642 158
71 984
2 737
902 340
82 435
471 103
474 313
220 293
572 690
295 309
812 97
371 947
267 860
486 416
940 372
718 79
719 690
190 420
990 214
929 308
233 839
846 819
959 496
428 632
486 796
8 698
503 69
964 489
164 805
510 919
715 278
378 273
913 506
200 709
511 735
475 605
403 296
596 663
389 773
822 959
624 616
604 694
807 883
556 932
96 901
886 808
133 256
817 573
857 214
786 42
558 563
809 859
847 951
371 507
335 73
429 634
175 106
378 98
360 681
235 823
714 57
904 944
815 186
758 205
109 931
882 613
166 426
494 807
446 906
168 157
753 656
577 354
960 22
482 998
447 840
377 132
984 412
550 671
573 214
847 491
6 697
867 489
540 385
430 233
692 708
70 304
463 355
729 633
849 524
776 646
779 345
796 729
432 76
366 965
918 876
921 56
408 229
193 933
16 922
849 302
458 612
875 606
676 645
695 235
102 240
261 473
190 497
199 261
465 182
307 695
309 461
439 606
959 391
962 489
86 785
713 617
349 845
243 502
727 24
930 250
215 868
881 328
336 195
561 574
604 335
319 794
213 259
547 639
811 95
517 859
873 602
150 346
293 268
275 941
204 217
705 836
9 989
193 104
123 491
142 35
759 514
646 506
209 646
527 180
895 558
933 205
700 712
776 8
562 553
914 234
787 904
814 435
788 712
726 655
361 969
198 52
809 81
72 138
640 789
420 69
648 288
188 233
245 488
306 348
365 831
386 196
814 252
261 889
832 811
154 203
282 260
637 536
724 856
286 343
805 569
20 871
405 171
513 162
642 838
914 995
556 256
274 475
978 174
118 153
447 433
530 999
687 906
451 50
493 435
507 379
508 16
534 698
387 786
389 409
172 36
768 62
164 927
860 428
349 849
650 62
427 235
581 518
552 788
776 650
739 914
97 662
81 364
601 597
712 474
18 343
972 20
935 224
962 30
180 199
511 663
235 777
542 962
218 417
517 81
326 443
91 706
274 286
592 301
350 77
995 952
943 440
889 348
297 208
299 782
184 574
663 190
847 653
460 795
743 492
636 668
513 651
987 774
496 272
17 20
830 548
881 639
339 11
602 911
987 695
110 842
948 806
55 204
187 60
577 628
617 551
814 907
980 375
28 772
395 11
126 35
515 298
148 321
186 252
794 511
542 625
980 486
82 712
803 103
471 237
667 532
547 106
471 66
220 322
361 479
366 223
152 81
797 383
376 559
910 902
432 961
87 3
215 974
841 619
181 202
897 265
358 243
385 477
480 989
635 515
817 100
986 475
859 91
147 199
705 625
498 209
405 643
48 640
506 708
208 126
454 556
735 437
612 384
977 773
635 865
75 910
194 105
857 479
824 144
130 769
66 175
587 339
520 280
994 691
838 20
562 911
728 475
411 921
982 464
731 720
57 513
541 303
726 981
770 236
53 629
863 68
442 736
227 318
100 110
40 465
965 756
322 534
382 926
899 154
847 752
598 386
231 367
947 134
966 230
415 356
838 44
16 499
960 186
455 901
775 682
465 653
858 876
822 707
842 261
182 290
852 350
492 458
177 98
385 125
97 331
758 512
466 128
230 233
234 228
698 823
336 668
889 576
600 525
470 971
200 187
418 110
807 456
509 768
774 656
699 816
833 742
131 686
209 76
372 520
998 460
893 250
966 878
240 488
21 661
81 394
542 41
377 787
432 636
327 645
823 512
113 825
25 707
599 57
507 1
470 119
881 316
366 324
892 148
360 893
859 325
790 833
35 74
151 921
777 90
285 979
346 675
274 68
652 817
470 732
415 917
221 582
937 173
62 270
855 599
650 688
473 845
348 591
355 401
780 884
288 115
875 358
732 741
772 136
340 394
602 464
58 583
243 892
44 630
227 568
113 226
429 172
66 742
305 870
662 826
631 579
676 194
89 936
400 973
899 293
83 198
132 871
73 508
989 182
775 799
153 52
121 597
376 171
529 945
949 728
288 993
788 730
292 937
813 88
79 291
871 775
374 869
177 287
860 52
760 896
138 386
679 673
704 583
669 459
466 902
855 480
858 388
487 796
113 763
609 734
242 929
388 989
688 203
301 600
195 493
158 227
592 887
534 526
138 887
124 76
270 328
884 147
119 203
636 471
798 802
734 289
532 138
290 525
917 783
20 486
229 920
616 27
620 664
47 911
621 278
414 107
279 845
570 948
166 11
846 601
130 632
956 716
132 30
248 649
961 219
963 556
51 230
293 109
598 272
867 72
830 860
189 76
726 797
112 39
494 849
819 847
710 257
239 811
684 868
926 825
361 601
329 187
183 816
737 636
683 712
609 679
502 462
822 617
235 945
843 398
607 441
791 166
963 149
327 779
581 286
12 15
89 900
366 644
681 328
849 734
296 746
118 521
546 726
126 4
628 334
258 314
171 519
903 334
525 344
243 324
272 386
280 909
64 612
48 89
974 16
722 25
500 671
964 110
977 493
173 470
786 653
601 701
258 894
670 43
998 404
581 628
105 331
640 74
454 694
612 286
462 625
712 332
380 202
591 732
388 215
66 473
692 261
341 209
217 931
833 377
707 320
252 64
311 878
863 333
367 658
27 351
910 406
680 611
181 730
455 463
921 895
961 78
428 901
493 681
666 557
188 313
652 584
653 737
925 604
231 501
302 117
14 357
387 367
273 221
320 16
657 119
567 748
115 51
573 59
496 369
631 741
340 450
736 519
793 704
615 817
605 379
457 251
439 63
461 547
408 401
886 332
500 63
283 595
608 688
59 8
520 614
831 894
742 271
266 930
349 351
277 34
448 688
845 927
112 749
45 215
984 913
34 168
608 13
491 643
824 250
704 528
715 637
788 496
929 907
465 253
841 618
897 264
646 909
155 930
707 113
981 626
341 915
198 772
213 503
129 983
320 658
997 248
986 75
438 563
133 8
380 349
553 565
610 702
185 345
99 447
100 844
890 416
490 864
74 611
497 360
189 146
463 567
564 66
460 304
70 767
857 345
365 305
169 222
361 476
378 76
216 159
145 101
308 695
718 938
574 142
905 419
635 428
672 402
838 259
621 145
514 589
516 3
554 858
147 608
297 307
451 770
624 10
404 660
204 678
334 589
301 229
148 657
614 516
600 210
747 101
748 314
822 593
126 354
370 688
496 635
690 511
49 461
784 120
272 300
736 257
555 967
257 152
990 410
600 496
486 245
326 514
556 427
340 625
465 430
888 779
769 150
827 408
314 61
990 814
133 519
746 235
180 725
971 21
916 65
55 663
138 193
285 110
695 423
916 48
440 489
846 817
134 157
786 612
324 571
128 326
511 946
617 376
986 47
8 267
118 442
427 323
484 816
820 170
679 209
366 308
60 615
77 703
628 513
659 93
355 178
319 599
415 916
910 783
146 139
165 189
402 289
648 89
373 826
230 925
13 889
105 1000
658 110
53 584
914 200
446 527
691 458
460 613
883 882
899 249
943 224
941 348
982 590
292 22
554 961
295 233
965 777
89 574
988 446
382 149
922 988
210 794
118 691
549 347
475 386
607 469
921 284
852 268
678 550
414 291
876 506
606 791
24 359
701 737
278 786
729 744
89 841
509 80
736 156
44 187
279 700
525 644
672 856
638 23
306 762
650 446
116 805
565 536
103 489
370 935
732 511
958 617
725 866
465 180
914 436
109 812
523 141
945 755
803 749
567 348
591 630
671 418
125 996
530 581
603 153
346 866
919 725
99 358
341 173
144 679
327 398
756 984
80 329
13 442
687 734
874 947
247 215
928 231
507 403
787 172
972 208
611 400
596 548
136 474
415 904
905 785
520 416
867 75
490 386
274 331
821 278
353 322
761 445
444 127
451 845
912 957
677 71
993 274
442 520
354 296
980 8
818 927
840 699
69 279
462 937
771 47
918 450
960 116
908 236
856 133
303 650
16 60
418 608
211 43
283 630
205 147
384 431
942 166
266 911
189 441
314 915
499 405
742 499
410 494
381 73
736 184
443 362
483 649
963 846
158 915
585 389
841 787
167 675
116 825
409 735
713 297
458 984
185 128
812 43
261 315
608 693
634 813
927 778
146 396
716 591
224 601
762 563
371 794
355 673
90 741
485 302
858 264
536 12
705 619
410 981
473 351
751 948
509 553
976 66
544 646
69 917
161 330
398 393
463 685
9 110
787 70
48 964
323 658
56 463
991 155
640 695
933 798
394 818
626 447
912 258
330 948
956 832
189 111
688 786
892 530
30 865
253 232
588 827
883 957
117 509
979 398
83 325
339 815
734 100
383 30
956 934
60 83
667 61
448 245
925 893
965 816
838 454
18 571
648 76
865 356
626 671
580 665
227 627
453 253
329 39
183 900
921 299
154 186
671 883
641 676
755 514
370 540
914 24
561 333
245 748
852 324
410 339
728 714
802 593
180 813
457 980
96 116
922 310
119 808
653 390
712 862
538 962
580 349
932 722
914 965
476 646
266 20
289 989
500 579
963 141
945 682
768 109
20 202
994 781
423 63
959 473
687 792
907 370
391 541
927 639
422 995
76 353
423 140
265 54
393 73
18 294
291 302
940 393
30 809
797 48
468 618
455 140
707 499
223 240
460 230
62 54
906 408
838 983
753 948
696 76
517 34
539 534
276 752
134 754
47 823
735 250
677 253
494 556
834 217
28 128
782 41
787 853
653 177
259 492
244 566
795 174
43 581
339 858
77 183
943 207
726 693
774 939
500 382
700 803
680 924
763 274
631 633
942 508
139 497
801 972
396 480
789 407
461 710
283 574
488 572
527 723
141 436
490 86
733 58
828 338
642 350
577 598
82 140
335 834
871 140
174 324
323 650
16 802
148 359
225 380
429 266
548 192
642 157
25 133
570 53
803 402
567 85
551 624
20 904
794 755
693 495
766 239
842 711
609 688
186 355
884 405
836 505
693 272
788 4
38 623
722 256
311 282
727 113
12 890
401 513
863 593
755 376
171 155
686 782
66 495
214 31
877 821
713 684
254 608
171 121
713 266
626 70
962 68
912 689
620 66
208 706
448 369
855 608
169 57
212 377
378 97
765 851
804 581
611 85
478 220
887 288
47 41
433 461
235 953
326 16
324 630
959 740
987 979
793 526
791 47
960 105
390 908
376 352
231 226
317 534
54 569
739 913
18 515
793 703
791 156
724 97
248 154
658 563
254 464
993 64
775 648
542 685
836 906
763 698
432 496
988 221
515 215
768 356
223 944
601 592
645 856
529 951
747 36
235 402
418 942
935 599
371 114
997 746
907 254
746 42
270 786
107 604
122 926
867 934
836 63
68 65
529 721
896 252
898 390
93 562
962 629
449 558
466 900
674 417
915 953
368 954
849 205
309 556
543 321
88 711
932 968
369 288
132 452
349 842
800 614
34 802
109 286
769 701
882 30
204 502
846 957
800 725
489 1000
904 275
389 213
769 607
174 318
108 376
180 157
237 412
442 836
710 796
902 556
136 475
751 599
433 485
496 105
321 882
710 500
587 123
2 431
700 698
772 223
39 968
505 520
100 714
485 441
934 895
97 836
631 771
101 820
636 635
387 915
689 905
861 139
473 762
610 397
421 634
619 89
273 165
322 913
842 200
718 607
922 353
97 407
850 303
121 281
379 781
822 649
589 658
491 635
447 270
10 393
393 519
917 526
763 921
34 275
280 911
779 471
637 375
15 553
91 351
879 302
664 821
665 28
459 939
81 165
983 220
732 476
551 568
327 190
44 109
629 580
831 280
501 933
210 466
690 968
612 649
439 703
955 395
86 816
50 324
548 589
878 204
128 400
904 465
958 868
694 802
933 682
367 958
149 187
601 41
88 515
363 635
218 138
954 518
463 684
542 257
891 161
88 690
89 159
877 910
101 210
955 912
450 856
298 260
339 720
393 488
964 849
934 185
916 924
897 521
740 760
578 207
182 775
856 469
298 717
571 890
939 585
9 438
129 807
835 853
31 556
466 343
763 407
895 178
933 337
187 339
405 264
80 769
689 949
712 530
839 939
457 249
649 763
407 735
376 542
766 308
219 595
896 981
563 650
887 713
60 787
776 833
619 355
175 833
841 957
702 894
408 32
462 407
231 289
767 311
31 390
695 191
970 618
276 95
3 737
7 153
923 816
327 764
671 285
641 103
953 309
883 52
367 143
902 398
150 739
820 515
971 681
306 943
100 409
893 324
159 512
904 461
657 12
850 633
246 534
462 595
359 781
569 487
259 531
137 115
781 650
60 605
242 344
427 502
565 132
938 361
990 659
442 909
541 187
411 922
269 344
307 221
570 733
94 247
66 844
13 851
434 232
232 802
166 307
407 63
725 32
729 165
93 470
717 700
26 273
852 165
14 758
455 608
921 484
364 467
537 564
884 741
64 482
163 502
236 736
644 655
701 874
832 999
376 35
487 305
453 353
384 360
886 328
775 820
803 183
846 379
314 72
300 107
708 376
600 609
965 343
489 38
628 55
276 396
884 89
100 448
795 13
742 11
293 847
262 58
30 38
181 186
328 834
646 988
45 475
328 721
185 40
994 814
149 461
703 874
741 35
815 812
281 765
599 69
214 173
146 496
111 287
756 544
772 332
392 221
530 607
267 655
694 746
184 95
627 309
95 779
967 472
641 846
778 273
156 157
985 371
983 535
146 916
460 267
796 346
942 899
527 47
646 616
57 945
748 965
716 171
902 924
203 504
558 706
958 376
377 317
784 523
857 75
23 418
356 494
779 768
992 794
231 319
930 888
893 875
93 314
517 328
900 320
482 883
799 594
692 930
396 167
566 911
970 12
520 883
390 909
588 49
213 626
735 669
520 962
832 84
493 819
432 354
268 248
684 560
794 16
656 17
291 54
223 947
666 86
996 753
723 27
943 550
547 201
250 715
452 3
328 49
628 484
319 509
945 902
158 949
72 54
842 518
849 290
777 733
11 149
395 306
93 561
774 242
403 140
811 891
9 261
651 978
48 365
214 350
444 837
931 418
219 500
719 515
8 715
321 388
507 433
180 457
4 671
409 946
902 880
246 606
906 383
636 466
428 751
801 3
855 176
656 778
308 53
493 15
294 192
359 938
786 872
401 270
332 482
448 303
82 352
655 126
473 140
881 63
420 909
131 306
212 303
105 825
53 569
806 73
493 706
361 828
584 809
808 381
990 901
611 112
905 505
908 904
835 888
782 913
294 543
98 500
779 957
836 698
272 57
732 391
296 975
44 597
26 248
10 709
486 742
36 49
933 269
115 536
496 566
371 386
887 986
504 33
639 21
641 606
699 320
809 384
477 306
242 572
3 486
991 825
704 361
187 589
77 334
927 214
287 823
328 956
241 589
239 206
681 103
694 150
311 888
794 552
524 497
775 100
590 86
65 601
194 895
753 468
915 837
540 558
78 405
924 909
263 637
133 500
215 772
31 933
458 523
114 409
572 210
333 761
636 502
32 364
950 584
240 463
151 621
687 527
544 759
835 945
469 122
308 440
496 168
494 423
80 311
468 302
136 105
957 207
490 922
36 514
147 875
243 786
338 726
155 436
446 661
319 617
527 148
622 366
515 692
953 48
554 210
207 456
378 713
282 817
342 565
295 783
184 595
442 699
98 41
596 280
134 961
943 53
322 673
452 624
398 634
455 639
115 726
352 676
313 930
937 574
118 991
856 244
270 316
975 245
814 173
924 24
982 999
121 331
672 565
993 143
121 308
951 320
633 575
983 485
119 810
725 738
349 233
314 36
868 579
595 141
44 125
29 719
176 13
394 92
897 99
308 497
42 618
115 48
902 508
240 607
410 738
747 599
654 897
767 536
769 425
168 816
850 852
45 502
963 143
746 261
604 875
767 745
706 148
764 865
770 414
910 565
731 104
551 829
842 899
406 852
542 64
265 52
30 372
696 880
678 640
181 1000
812 598
440 46
560 303
216 469
252 275
845 258
114 268
561 715
925 362
363 503
748 536
147 790
331 21
672 183
964 807
203 38
866 373
246 467
502 73
87 673
787 855
330 982
131 155
526 48
967 209
249 79
585 549
59 568
649 119
568 725
715 422
576 160
919 48
985 452
830 629
64 116
269 795
400 86
511 344
369 836
421 672
751 387
563 971
236 972
326 871
168 321
735 144
281 102
945 191
304 257
272 303
311 70
793 963
885 365
21 134
469 918
699 505
149 8
682 9
654 835
289 669
763 203
150 418
577 886
524 347
11 104
305 395
453 531
972 517
310 164
340 978
157 271
729 988
822 3
200 270
807 341
367 162
187 728
133 806
907 259
727 130
233 842
513 904
211 816
384 836
350 659
498 158
851 291
104 57
893 359
821 506
57 101
247 430
678 85
638 517
290 741
75 377
972 969
555 51
721 207
852 663
530 30
213 475
713 262
678 831
403 601
854 92
947 810
730 166
821 781
734 742
593 678
868 360
173 846
429 740
38 265
655 394
344 388
911 828
164 407
56 376
668 7
562 574
321 916
86 404
572 386
826 983
313 760
635 725
406 303
373 936
670 732
231 318
415 695
550 438
936 486
790 385
244 955
300 629
905 557
835 812
675 579
404 683
922 936
120 760
119 539
37 906
107 18
808 79
538 376
900 615
410 247
287 175
593 942
386 364
651 440
233 345
989 178
202 708
375 872
594 402
814 967
192 466
965 185
73 369
55 417
721 589
757 263
353 705
742 421
409 855
823 956
951 235
55 470
573 661
51 995
927 130
569 610
608 200
312 501
699 227
747 688
885 532
966 617
161 208
380 988
350 764
167 926
557 274
280 194
751 24
826 341
404 291
354 594
946 942
86 901
660 988
95 729
207 947
613 924
320 733
946 769
124 191
808 802
845 377
96 856
252 347
164 725
421 668
977 978
743 771
946 611
146 91
991 49
648 233
999 746
605 687
60 887
269 829
887 401
891 850
985 153
35 702
408 634
772 217
574 325
977 844
562 693
273 14
804 467
538 442
331 392
170 518
760 958
836 699
237 206
418 488
934 972
980 122
448 795
395 772
452 819
328 481
182 460
93 63
305 23
641 605
608 680
735 513
774 659
336 939
413 328
336 570
44 267
63 569
263 43
176 915
504 256
858 723
893 557
202 587
993 844
315 312
262 225
967 892
914 988
171 896
158 33
675 153
56 551
974 391
318 881
929 262
233 881
203 537
691 828
525 792
512 409
782 334
788 62
369 450
425 432
161 256
509 550
458 520
777 180
277 989
459 174
433 847
611 280
342 249
345 11
94 398
423 600
642 52
29 481
30 586
329 543
476 730
577 225
891 897
449 150
101 464
674 617
714 906
320 229
943 71
657 218
929 541
682 319
596 281
339 816
636 554
696 495
2 288
297 356
779 984
266 765
897 911
236 367
808 120
593 620
187 341
443 975
5 972
500 148
158 566
583 275
109 648
865 234
849 685
745 620
18 119
395 177
426 609
89 996
897 727
820 510
46 506
619 468
907 989
642 5
36 308
992 66
258 282
757 334
524 33
201 496
503 487
348 149
519 350
801 178
872 519
569 553
841 780
640 577
515 621
519 330
776 929
337 29
176 157
93 632
612 728
427 44
877 556
276 419
403 199
350 110
205 454
320 871
962 298
356 109
428 402
489 644
623 41
223 479
184 482
685 566
670 154
284 369
468 534
267 613
34 872
74 909
644 497
57 185
683 29
389 154
372 838
656 851
597 416
505 877
112 868
878 443
95 55
354 239
805 356
94 245
442 890
994 319
960 755
755 909
136 405
568 504
826 816
33 637
977 708
227 293
583 64
277 448
740 621
83 354
506 254
502 360
602 586
314 530
277 398
995 697
946 288
247 732
552 202
236 339
454 286
936 41
832 74
814 206
672 739
638 434
434 810
980 400
990 271
370 684
810 657
598 356
228 722
304 258
305 95
451 72
733 55
495 57
11 909
287 1000
219 814
646 545
757 290
177 178
272 462
575 625
438 511
725 990
976 786
115 15
459 582
558 453
543 473
133 867
215 120
290 401
719 696
916 221
893 245
114 252
663 833
910 534
342 468
659 274
164 988
716 737
788 246
313 210
151 694
313 152
747 993
507 4
473 404
935 214
521 423
325 752
140 176
498 976
136 83
337 598
156 14
489 787
846 753
62 160
28 112
468 895
714 627
387 243
100 578
322 452
765 848
161 962
202 190
84 142
807 591
645 368
313 767
408 785
308 129
305 703
583 36
586 280
17 3
880 53
438 637
535 321
593 976
408 640
771 55
350 296
842 156
64 81
174 115
429 167
658 927
552 166
18 638
45 855
230 477
233 463
729 466
841 136
35 193
185 684
257 847
502 715
850 326
978 275
407 513
266 919
287 63
555 928
404 889
542 547
292 982
3 541
975 371
48 178
148 838
751 472
788 342
71 954
537 82
702 820
480 717
850 906
926 463
506 948
489 290
583 744
129 328
811 893
668 642
265 145
785 910
630 980
831 199
263 539
17 897
215 866
464 398
745 504
105 396
942 194
402 972
938 170
27 473
797 245
412 21
895 758
386 632
497 347
425 134
961 500
193 98
13 951
578 119
398 10
800 37
639 578
752 302
255 373
401 46
630 259
687 741
526 126
431 254
490 582
217 262
112 92
294 642
297 254
540 174
818 776
726 641
236 501
64 14
434 333
257 905
554 929
538 298
866 911
443 930
157 912
144 5
1 396
58 727
596 75
365 970
59 227
791 274
991 837
746 875
104 398
5 274
658 677
606 759
439 71
756 128
499 409
824 797
620 983
289 747
521 768
519 349
996 614
478 789
742 70
48 94
99 237
710 736
915 760
629 976
45 383
549 853
436 652
417 380
918 620
43 354
134 63
284 584
361 891
343 239
56 919
129 861
422 762
738 987
632 330
225 756
247 371
873 160
271 995
60 854
189 566
636 385
360 156
587 591
74 918
994 583
901 393
460 111
411 661
692 258
413 319
324 910
716 440
350 906
740 54
647 554
942 846
797 217
1000 475
858 299
268 347
223 41
481 602
728 453
526 824
313 597
478 121
722 779
597 237
118 51
84 135
765 792
713 453
36 738
113 401
829 22
165 851
149 574
5 954
446 836
451 698
878 843
58 632
322 936
443 974
26 218
463 3
858 995
715 666
714 433
118 767
323 517
714 478
953 894
435 659
917 283
25 403
439 590
373 419
46 507
267 506
185 597
6 933
10 424
474 701
349 715
8 841
542 906
101 378
428 222
712 977
91 444
395 434
145 772
976 998
975 728
195 138
305 510
642 983
84 66
523 120
335 686
950 409
366 80
665 287
538 535
698 337
466 328
773 257
167 54
316 748
752 682
643 813
915 208
966 443
77 773
190 124
321 243
833 393
621 328
893 419
142 963
159 803
40 645
664 383
796 324
797 189
636 139
606 44
235 546
499 717
270 39
398 24
939 856
648 211
186 894
759 79
9 799
855 600
126 856
994 316
943 501
395 643
325 974
201 752
553 363
518 539
887 344
304 711
51 82
148 952
463 193
100 653
896 906
255 99
941 461
317 924
249 62
691 147
72 577
225 37
294 257
425 555
724 73
282 420
840 582
399 783
935 841
889 255
472 947
362 25
541 853
935 990
694 988
944 371
770 467
386 424
813 15
816 317
998 21
102 990
619 320
140 767
353 532
814 651
765 231
362 842
146 911
238 345
521 681
774 277
354 874
336 289
9 92
676 767
76 419
689 380
966 864
592 641
185 45
591 637
849 118
355 997
552 835
523 322
273 855
873 777
677 665
221 781
976 14
215 703
797 161
809 674
155 336
251 139
200 790
956 550
422 378
565 133
616 195
834 134
691 307
564 35
912 708
256 734
514 776
416 787
473 806
56 378
829 385
166 917
575 386
855 749
469 274
911 687
532 560
19 479
437 820
847 557
830 821
616 481
567 674
913 63
255 438
631 827
248 448
209 974
88 169
181 759
22 236
102 446
468 316
969 497
754 821
97 30
685 501
278 53
904 612
965 901
197 43
440 880
644 622
258 417
975 92
262 473
869 699
429 72
31 148
396 279
866 701
171 529
745 436
642 202
827 74
419 286
461 968
118 183
907 242
619 300
893 965
710 645
876 661
825 605
219 186
715 785
901 976
281 275
674 330
603 720
286 28
657 861
794 723
391 835
713 385
716 544
556 57
470 772
635 592
29 983
821 427
290 293
552 912
792 95
591 593
650 5
199 408
602 111
114 112
316 660
780 986
446 51
85 337
857 488
927 704
34 657
56 73
773 234
63 270
946 654
692 478
627 643
41 292
811 312
373 711
28 38
325 612
894 879
316 139
95 14
556 524
886 783
616 319
544 460
908 677
469 325
878 739
59 651
321 886
213 832
74 390
494 859
705 232
268 298
625 273
257 543
330 127
151 127
874 624
348 847
439 416
520 786
294 621
667 197
26 199
727 845
230 367
47 303
538 346
560 702
957 660
335 224
227 939
980 235
174 166
729 557
567 981
183 688
872 783
35 77
680 374
21 162
421 856
874 572
906 760
871 208
12 363
418 974
10 838
617 878
979 787
13 712
146 836
879 298
736 44
828 628
133 602
372 424
350 409
474 504
775 172
724 692
450 353
103 665
66 305
