930 1121
882 157
848 753
767 509
854 93
872 759
488 460
572 253
164 783
844 153
443 358
123 493
280 686
827 202
5 847
100 424
433 249
374 614
477 805
66 346
877 86
480 808
390 797
638 572
61 905
563 666
99 286
127 763
754 646
570 267
734 368
911 201
576 638
350 547
374 351
886 256
642 49
251 203
577 661
95 518
265 347
278 502
639 873
265 181
682 518
236 582
518 308
76 676
118 264
124 347
874 631
481 125
227 442
646 154
641 353
914 515
259 195
930 117
179 253
835 916
573 832
848 338
368 417
494 44
1 392
56 280
841 94
703 343
444 906
376 353
456 701
84 591
361 70
735 810
881 783
414 488
169 387
338 364
20 515
472 796
276 34
621 100
102 266
289 520
188 174
912 756
112 627
439 809
456 709
202 893
490 521
375 25
56 617
753 901
528 811
121 395
513 726
655 919
816 831
553 648
705 846
503 553
909 742
826 488
125 344
652 708
537 476
174 53
144 340
813 434
650 802
12 630
190 706
834 620
238 875
36 229
500 35
744 117
403 385
850 132
664 399
611 501
926 471
861 397
756 25
788 773
447 85
216 75
87 134
571 502
649 116
289 930
47 347
639 221
633 766
36 563
109 163
606 704
156 855
697 51
72 308
236 594
399 541
678 535
336 98
927 267
448 174
521 472
868 596
351 128
409 863
507 887
577 792
726 378
899 653
653 279
417 155
149 189
576 233
773 756
750 874
609 550
520 839
641 894
874 9
349 475
159 171
691 434
742 167
793 465
772 531
779 859
669 318
589 345
40 715
33 439
324 785
365 518
361 235
886 424
707 157
112 57
550 474
721 206
728 404
571 925
870 307
806 456
627 912
792 262
858 317
868 824
613 621
803 494
296 660
787 825
458 193
550 856
116 783
641 203
664 607
155 768
143 886
722 399
341 96
228 476
97 894
352 120
549 690
377 473
74 274
196 141
417 827
330 596
592 911
205 73
241 784
74 137
768 353
251 640
51 466
407 829
803 835
751 194
491 901
307 528
631 413
417 525
756 765
375 739
781 776
106 695
428 348
426 291
110 509
120 500
760 41
503 382
551 21
928 442
94 796
364 365
44 297
319 721
169 586
599 558
854 274
861 408
26 842
896 329
95 611
20 749
910 162
520 658
107 842
506 622
214 151
265 532
895 910
286 887
367 895
335 573
529 53
765 237
316 909
650 416
586 259
66 228
12 360
164 381
17 296
551 725
45 898
783 491
419 481
771 596
200 735
514 874
396 741
46 876
10 629
275 277
721 292
893 99
756 585
633 264
858 818
914 651
23 431
355 920
329 237
641 387
769 697
444 907
791 150
146 717
234 696
848 315
593 323
452 322
739 16
614 122
285 616
413 485
334 925
249 139
224 378
789 513
474 605
293 299
910 769
164 237
425 157
859 202
380 526
607 857
608 873
185 520
807 925
443 143
220 366
714 95
851 63
882 716
719 226
290 562
868 549
229 716
669 682
190 319
861 13
481 263
206 611
792 779
147 788
629 301
651 102
761 682
696 921
140 852
637 701
504 582
886 209
105 815
895 922
369 482
587 789
767 823
116 301
472 403
562 630
431 408
249 468
440 263
638 35
787 740
830 73
243 689
41 777
607 431
729 736
94 906
68 763
853 509
633 350
201 568
459 359
218 395
772 766
464 12
97 34
874 126
83 454
558 30
275 829
123 19
677 121
782 129
538 702
198 312
754 376
434 725
597 263
222 775
314 797
8 312
237 522
915 551
421 635
40 821
532 215
752 746
117 297
609 707
247 79
191 706
173 819
200 593
1 93
397 692
458 418
717 694
364 367
835 716
680 514
92 331
148 597
653 368
367 25
49 24
62 470
837 550
573 87
362 809
383 418
23 395
124 566
808 358
425 518
350 493
270 822
555 505
693 596
35 195
96 143
106 202
898 392
801 283
632 186
705 4
295 516
452 887
513 851
525 400
783 50
198 630
669 217
242 218
263 616
395 659
182 597
260 93
633 157
634 21
571 449
161 377
239 226
743 641
86 219
66 315
154 218
243 366
807 793
341 702
228 324
98 899
294 152
440 550
763 616
243 812
179 907
42 354
208 134
157 220
895 517
603 436
895 647
815 692
544 845
334 792
537 859
206 79
314 785
894 83
586 864
246 412
15 686
421 99
776 78
194 893
353 715
760 295
313 908
646 619
687 899
909 612
45 403
260 913
556 358
331 755
801 659
170 123
558 192
145 343
71 796
799 322
589 863
99 654
706 332
373 878
749 622
514 606
206 787
639 176
341 220
58 117
591 481
55 675
134 693
453 320
444 589
580 297
204 214
888 32
404 529
561 913
729 535
311 601
915 402
366 191
123 302
775 467
502 300
588 295
332 236
563 388
806 613
913 628
381 694
818 61
880 256
39 863
622 93
746 272
692 818
735 117
189 485
380 664
745 858
237 407
238 95
831 327
801 204
34 40
283 147
643 281
588 722
783 294
87 389
688 53
305 57
259 230
99 647
280 353
255 40
767 671
564 438
372 556
837 842
280 850
924 624
589 362
616 341
331 835
722 177
778 188
51 920
371 185
800 261
527 487
98 291
904 357
610 885
154 126
127 604
6 828
289 184
746 447
626 300
94 819
635 97
796 826
895 227
17 144
47 122
34 924
512 321
687 247
517 793
613 582
754 907
792 795
794 86
134 629
816 146
537 635
922 619
643 334
475 189
46 521
683 204
59 547
426 681
677 771
404 525
730 114
274 342
758 20
362 897
192 303
899 525
640 50
284 192
257 888
918 752
244 874
79 486
246 455
408 770
837 897
194 901
184 66
333 557
164 650
639 277
812 782
231 58
158 188
48 542
115 666
774 458
454 351
640 370
661 840
892 729
28 66
153 202
458 314
503 635
594 532
133 62
125 753
612 505
556 443
730 922
221 458
91 505
676 430
302 621
269 571
347 234
11 97
54 904
135 298
768 361
921 392
873 339
817 178
352 53
920 733
289 172
482 544
142 290
780 231
134 672
577 910
911 604
775 635
83 487
23 172
848 115
574 146
420 737
407 25
410 216
274 525
637 657
389 454
754 659
833 507
349 896
195 191
512 363
370 38
504 418
421 480
365 62
438 321
45 298
151 331
279 484
337 549
384 736
286 582
760 423
514 562
439 659
893 777
7 295
541 204
491 801
649 286
396 323
256 345
497 349
282 678
31 832
628 571
691 3
286 373
107 208
48 745
699 751
172 556
324 433
688 514
158 491
296 409
342 585
731 641
606 863
867 115
604 891
540 480
874 861
904 20
126 57
387 291
825 733
821 367
622 624
364 859
240 85
139 287
583 582
929 59
840 53
867 331
741 24
264 41
903 915
438 370
140 734
395 274
47 48
432 498
173 480
37 67
8 665
447 419
715 490
873 135
315 731
494 819
81 925
537 7
413 144
656 409
535 309
465 569
449 445
318 804
293 29
837 8
837 579
325 233
32 128
442 251
5 144
142 197
33 141
604 176
268 402
274 241
233 157
202 539
697 193
309 139
38 177
849 718
81 849
326 323
415 444
571 596
79 153
579 448
525 211
771 692
359 551
791 226
378 412
922 127
231 94
678 354
528 533
830 339
632 319
287 670
332 73
241 489
916 816
15 5
463 785
227 886
607 868
924 23
525 239
335 454
314 631
281 745
883 785
227 242
576 357
397 669
510 805
163 445
804 736
584 485
202 845
102 846
442 568
69 68
661 794
381 712
301 259
252 381
259 618
594 494
2 299
543 655
863 54
231 293
690 252
644 35
886 294
848 57
578 334
134 432
139 913
650 689
106 913
462 638
467 391
851 804
646 404
224 197
293 379
32 485
95 382
363 761
90 83
173 772
19 675
650 104
707 514
435 593
156 497
375 255
481 204
11 490
444 149
163 656
117 804
637 695
32 106
543 57
470 11
402 619
517 431
722 884
606 902
705 578
107 295
889 67
512 544
726 488
794 20
202 344
326 700
915 719
208 776
6 153
703 538
103 87
766 497
792 56
567 224
693 600
391 156
673 29
523 146
242 778
856 339
317 607
385 889
852 162
291 266
683 451
315 237
926 299
111 459
267 545
587 507
264 401
850 725
100 771
637 688
642 156
192 833
757 320
160 303
169 217
487 376
340 592
263 595
820 828
823 882
103 914
29 194
275 129
627 126
755 53
688 486
652 175
479 104
738 601
323 399
121 498
898 395
167 838
469 194
722 913
596 650
501 458
341 293
599 257
683 56
550 391
895 702
569 291
471 327
517 579
180 461
404 268
728 722
511 516
396 730
337 583
735 367
248 46
230 569
546 150
655 616
715 603
400 30
119 230
773 413
332 559
178 182
382 187
721 202
826 224
564 447
60 521
112 14
265 869
644 830
430 381
42 322
924 325
550 551
230 808
694 737
262 107
237 441
294 511
838 288
462 115
819 514
726 466
368 277
214 765
757 459
371 256
361 198
170 205
601 444
230 376
438 739
540 388
626 396
778 606
87 561
538 407
56 435
853 227
247 180
795 359
345 449
395 654
846 675
89 638
687 16
225 672
225 895
421 510
271 92
40 184
30 256
131 311
603 274
145 779
414 151
581 685
281 679
184 319
241 364
910 782
920 526
835 506
581 707
870 559
543 494
479 746
689 409
758 739
322 124
680 119
833 205
875 290
283 643
170 179
897 306
849 899
409 14
421 885
180 563
41 498
650 694
758 703
791 839
167 162
677 867
811 679
724 68
813 461
860 560
630 351
229 459
441 870
435 878
185 204
254 636
531 226
38 66
923 228
520 783
567 769
223 98
815 266
443 491
267 362
275 659
815 825
527 64
440 12
487 903
242 477
771 381
857 830
889 183
850 160
410 821
456 304
61 573
692 749
163 112
86 859
20 52
643 62
916 573
562 47
383 205
856 685
398 85
451 285
193 202
754 584
377 617
766 236
925 348
137 526
550 584
369 253
600 368
48 391
427 579
181 904
294 802
377 814
911 903
414 243
531 759
108 407
800 887
760 871
665 637
803 13
640 633
450 542
396 441
896 242
802 10
75 183
759 206
83 377
1 166
235 699
725 678
727 646
31 159
587 653
