929 1610
327 1
497 576
776 490
138 686
452 803
110 835
832 476
243 584
194 28
143 85
664 260
178 520
96 211
261 176
62 238
321 48
690 846
539 212
750 401
775 13
446 470
730 446
330 877
647 546
657 105
226 320
924 623
738 83
418 558
884 653
406 55
523 299
28 637
378 61
839 88
236 760
236 837
907 65
44 16
281 450
88 447
296 716
742 257
195 616
648 806
8 560
598 696
786 515
723 731
631 34
498 666
195 307
56 598
613 612
210 291
600 679
583 513
784 478
714 781
205 28
23 928
338 924
689 343
653 442
431 543
141 219
729 146
788 220
791 811
389 152
304 705
581 825
568 354
457 293
238 674
407 484
725 148
47 852
97 248
875 41
883 546
423 785
544 777
559 371
240 639
349 307
741 428
730 200
824 13
644 853
773 481
352 136
649 569
861 774
241 203
315 784
68 406
361 255
694 171
668 511
756 835
545 919
509 213
904 221
466 565
548 523
325 291
734 76
80 260
780 268
446 727
730 777
819 383
608 168
699 216
738 373
558 551
559 202
341 607
771 442
444 639
733 618
559 615
139 405
397 592
109 454
441 193
470 505
425 899
606 815
521 245
637 22
485 281
89 219
185 898
38 44
357 132
453 625
38 447
575 209
6 340
325 929
198 177
592 594
920 233
631 350
515 798
207 711
784 813
639 287
804 288
921 452
153 882
84 481
121 601
638 22
640 6
680 125
316 83
185 431
556 285
204 881
6 689
315 649
814 232
320 183
11 717
713 415
52 613
238 482
361 418
515 916
526 308
881 146
197 283
654 39
822 526
737 563
899 860
614 795
63 256
818 161
125 337
378 858
214 681
652 725
228 106
414 462
750 499
477 704
351 758
710 502
178 360
513 192
500 406
27 14
745 111
747 521
587 643
201 170
38 249
924 250
84 753
417 863
189 553
44 167
180 43
263 530
346 561
5 215
870 494
198 157
73 15
291 64
324 513
3 811
336 508
258 314
65 579
752 456
795 591
806 544
809 791
403 889
636 743
579 821
303 656
293 269
240 11
3 204
223 263
595 861
461 398
765 779
910 431
156 696
710 371
342 313
792 6
315 460
813 453
119 834
346 656
662 865
735 853
410 174
359 698
251 277
162 456
474 342
536 186
635 836
177 653
113 82
421 420
868 649
636 535
845 167
899 86
117 732
541 693
636 840
424 635
619 519
174 501
866 337
239 847
868 348
817 60
471 760
334 885
685 434
919 11
488 773
895 1
753 291
82 833
162 755
900 260
79 831
925 193
459 322
877 712
55 153
741 771
744 856
466 483
869 288
2 65
258 503
520 926
351 438
426 27
568 341
288 834
308 592
771 344
293 132
433 475
629 602
744 929
383 13
7 502
825 555
607 75
787 406
440 43
174 785
679 45
882 580
441 12
557 657
785 45
255 544
402 170
647 928
530 174
658 836
751 97
3 604
874 797
367 34
223 361
48 450
27 721
772 344
746 264
305 744
900 164
562 3
704 507
795 823
852 121
446 533
819 189
464 250
597 112
395 217
837 770
307 779
537 797
246 268
450 340
307 184
177 58
28 920
158 300
504 401
758 894
655 345
453 679
462 832
545 220
434 523
556 564
794 916
845 455
905 792
285 176
587 528
460 186
404 420
499 427
724 749
438 90
829 874
131 638
838 22
860 620
26 920
188 740
541 306
28 592
818 507
885 202
649 881
449 605
269 32
328 185
476 420
789 634
496 298
494 805
688 118
494 611
650 733
706 91
283 182
834 38
658 105
513 679
592 920
578 327
433 455
70 555
642 94
349 171
298 174
869 725
912 371
793 446
523 680
737 294
650 343
559 430
249 278
766 813
714 389
736 437
907 477
179 675
852 378
288 143
58 598
803 634
201 563
697 662
920 329
441 219
545 587
731 182
736 758
37 522
484 699
142 748
470 201
235 385
572 442
441 258
579 309
247 281
780 885
600 760
88 557
68 515
531 877
863 885
854 913
773 675
479 203
616 3
563 678
399 443
35 522
287 613
726 75
605 826
905 258
615 219
619 201
568 633
254 817
338 638
712 25
929 629
128 565
232 190
69 820
305 99
203 623
738 411
425 839
193 120
252 16
755 836
353 744
319 633
470 74
883 168
452 283
295 688
647 106
427 632
617 901
796 647
324 810
515 313
899 524
189 372
859 113
52 803
825 639
593 712
151 340
104 855
653 259
583 251
428 93
450 126
684 302
685 3
85 386
6 282
838 851
312 518
686 77
100 749
428 863
417 103
109 617
194 646
854 152
271 574
499 674
728 375
856 300
175 814
324 609
183 900
592 294
42 446
395 188
766 200
507 525
571 880
590 577
79 196
201 827
612 872
403 368
478 233
606 371
244 689
631 39
806 410
548 712
552 97
644 68
399 272
864 668
276 205
466 591
747 738
314 517
77 39
498 521
335 425
618 349
670 914
141 160
127 711
591 215
297 482
116 674
563 260
308 124
630 651
767 200
131 33
739 468
351 463
873 587
684 810
329 677
594 692
21 819
243 264
46 191
376 679
509 597
666 927
333 252
26 638
409 788
638 530
699 634
118 716
249 787
913 674
533 68
536 706
778 758
160 33
679 705
497 650
775 845
579 427
305 888
606 453
746 877
526 593
680 726
327 294
96 684
160 516
124 333
675 167
217 323
621 717
410 439
764 458
197 274
73 343
22 658
887 12
705 575
291 377
737 854
661 789
352 911
170 272
333 836
30 150
913 186
24 534
50 675
493 377
324 216
919 409
242 471
278 180
709 203
396 7
12 637
613 122
688 271
598 636
488 848
335 163
111 498
326 168
455 588
497 192
833 209
38 442
349 549
864 711
848 60
761 416
172 177
250 167
604 97
913 496
363 569
290 420
280 242
159 913
74 655
24 845
611 819
204 715
99 669
67 356
52 890
550 807
807 120
21 534
831 37
640 828
635 797
785 444
94 418
865 641
655 354
467 735
909 548
513 782
491 538
464 404
903 468
319 879
681 740
773 118
552 343
256 686
95 5
224 290
867 69
570 118
346 310
437 771
228 822
730 720
120 81
733 588
24 279
885 817
485 862
713 736
777 712
64 903
301 475
603 871
489 414
71 753
48 60
153 156
695 363
167 473
647 388
632 750
448 607
729 271
159 280
187 896
247 651
623 545
62 93
283 2
304 376
442 678
497 455
609 60
772 431
479 794
878 802
367 506
692 312
469 316
141 815
236 89
419 30
110 644
247 576
197 814
755 844
916 550
441 276
174 502
218 596
521 303
582 546
99 389
392 558
520 161
920 399
828 853
320 453
481 121
484 914
17 436
457 523
367 8
28 665
550 105
715 625
536 381
38 349
47 201
835 286
195 639
659 44
19 314
195 326
426 30
45 365
514 638
567 488
291 555
903 287
231 776
202 69
586 689
545 379
265 374
856 250
713 573
923 643
252 593
295 269
350 360
318 321
336 539
299 116
693 753
274 576
97 227
850 633
564 447
787 847
277 677
72 782
149 321
904 864
29 342
514 44
881 556
311 844
910 575
498 314
265 753
649 859
482 553
158 450
115 634
423 95
172 272
192 510
342 798
585 570
873 310
268 568
127 493
188 172
863 804
648 53
728 824
13 360
735 607
707 217
244 268
181 408
760 103
603 166
236 18
204 68
7 310
906 918
140 328
882 281
186 352
356 583
928 529
303 198
434 435
401 631
844 106
737 160
298 322
834 711
287 297
434 847
394 439
715 108
809 442
63 647
125 245
553 490
758 61
795 37
534 632
539 910
353 549
846 755
500 769
193 612
533 714
168 166
409 188
828 566
797 886
390 249
604 352
71 669
55 743
759 446
534 627
849 408
528 857
853 780
307 587
717 44
920 381
351 201
688 318
763 153
762 156
641 626
715 26
426 832
762 550
770 828
314 310
318 278
729 750
55 76
677 59
852 55
877 217
515 33
118 306
444 680
665 40
499 264
137 820
544 724
676 91
183 654
740 504
687 723
751 45
809 801
546 848
502 185
412 798
789 546
646 373
669 449
485 635
732 826
181 231
772 299
247 209
303 227
849 86
43 27
762 199
788 346
237 300
637 783
844 929
157 373
637 229
583 452
367 531
117 487
211 405
841 507
346 794
628 322
672 134
535 194
324 35
798 463
432 521
234 304
92 182
792 217
388 663
709 131
797 201
191 334
711 824
107 214
131 403
544 885
652 444
142 764
514 445
899 109
430 161
341 415
157 397
860 27
420 479
101 542
155 87
103 64
178 281
508 189
238 274
275 260
350 470
662 316
476 851
929 827
32 784
813 829
559 531
764 377
105 473
361 44
573 691
43 927
408 309
108 155
40 139
77 58
556 614
27 336
178 924
403 30
691 273
249 900
928 318
389 817
914 806
138 706
164 905
110 528
82 538
896 319
570 458
259 168
310 271
694 745
366 269
337 483
464 757
144 184
660 731
202 543
149 569
222 129
742 413
285 618
736 529
738 227
462 404
479 563
244 159
910 129
717 649
267 900
592 675
863 421
594 337
116 573
725 452
250 337
151 862
354 70
209 713
378 64
892 887
344 80
207 872
65 839
547 337
786 801
401 754
202 702
589 679
629 299
104 409
782 753
328 418
633 921
540 419
744 841
678 699
844 151
535 717
519 535
876 528
579 851
329 684
3 98
846 671
247 733
829 489
79 766
526 59
472 845
650 604
174 330
326 513
662 239
629 675
351 76
798 511
630 867
138 807
632 467
128 140
611 41
886 253
227 611
622 683
366 304
360 52
149 614
591 627
406 127
176 524
483 159
256 72
794 760
123 85
307 679
508 567
640 920
266 384
878 443
703 914
52 893
832 515
529 507
131 247
848 899
99 372
306 83
681 37
206 189
321 393
11 469
914 107
75 45
538 376
42 485
888 178
874 871
457 769
415 235
243 698
288 139
220 480
555 706
647 894
79 554
704 556
687 358
130 587
260 458
445 679
432 489
678 800
516 557
26 78
526 739
401 594
678 324
592 875
519 218
492 420
173 149
539 689
512 219
482 727
380 384
12 640
107 104
736 632
441 621
798 926
194 335
341 396
804 417
182 896
571 406
622 864
669 147
775 188
566 67
751 205
507 910
537 260
115 816
115 359
926 75
548 140
756 740
891 439
634 920
880 707
652 228
447 439
30 229
175 900
474 780
898 36
21 373
759 485
411 376
415 656
290 906
310 467
42 251
787 264
259 205
99 119
526 216
41 901
245 163
431 904
306 434
848 338
63 253
214 379
402 787
334 801
173 669
401 900
572 82
615 347
619 514
870 48
567 404
887 749
454 424
443 268
262 320
851 558
309 816
917 492
123 379
16 36
87 668
865 558
476 182
267 824
31 291
26 315
501 91
677 914
771 511
93 121
125 806
519 922
439 881
825 735
604 79
865 551
900 575
98 763
222 656
19 82
656 203
129 816
310 698
294 672
831 890
411 324
383 607
852 249
179 849
418 555
350 604
596 6
377 277
50 158
555 522
539 756
45 501
639 828
683 649
315 492
173 332
161 557
199 358
650 277
226 438
319 130
487 317
129 351
777 622
478 704
435 344
534 594
854 842
781 53
788 217
112 330
183 298
23 299
409 793
817 180
601 199
527 316
843 763
438 412
763 343
784 5
288 431
143 611
352 7
454 399
22 670
209 681
853 886
417 795
509 619
719 909
260 150
408 55
579 61
603 777
312 701
547 552
416 38
399 701
633 131
797 176
157 167
588 567
77 928
133 425
736 429
644 59
33 256
645 277
627 104
138 205
772 908
110 906
58 545
442 320
480 877
619 573
506 741
236 11
220 205
671 568
923 416
821 288
699 409
504 111
13 431
822 496
300 925
63 387
324 480
620 501
794 704
466 68
526 13
94 869
668 377
924 550
214 322
129 45
44 627
542 587
852 42
107 600
849 868
478 396
188 767
669 135
911 693
771 213
457 714
630 740
703 818
581 71
824 505
475 164
336 750
871 375
751 472
810 144
6 255
409 140
409 711
789 172
283 417
443 718
162 786
471 573
365 549
120 561
134 226
688 533
473 636
413 426
690 86
25 308
743 182
875 589
308 620
437 154
828 400
575 750
743 632
11 854
594 821
227 709
564 151
90 628
894 725
685 481
888 275
459 717
415 80
517 281
367 102
688 436
821 269
666 827
70 74
72 521
533 490
755 901
555 32
630 282
856 910
268 337
288 804
405 467
885 750
615 437
34 447
853 208
848 491
214 559
590 676
897 5
697 864
77 872
174 168
340 845
570 430
437 795
852 705
263 804
259 721
140 814
148 289
332 211
832 17
391 586
910 3
14 553
623 560
915 622
12 726
923 210
26 614
545 770
746 456
747 458
72 909
287 807
37 497
20 491
111 613
611 549
317 348
245 751
754 761
42 847
758 114
753 452
756 761
446 73
886 321
773 652
292 402
239 851
663 807
670 1
636 657
895 617
143 382
456 128
518 85
647 164
201 710
474 153
426 894
338 601
451 20
363 182
291 104
794 81
333 627
600 853
180 218
571 161
158 316
880 250
75 21
735 692
529 518
435 189
366 889
629 66
850 519
928 325
431 370
236 439
3 888
407 912
447 41
215 520
455 25
220 629
593 771
84 114
299 578
527 673
841 234
862 255
813 185
890 418
682 541
739 155
521 879
240 663
228 588
706 739
408 829
861 97
220 769
466 564
896 502
539 47
500 321
744 810
684 570
403 74
461 448
375 158
505 235
928 362
588 841
477 902
206 177
870 679
638 809
736 583
741 32
49 272
802 420
896 823
504 581
677 212
346 350
607 23
882 530
600 649
694 87
180 22
588 832
134 254
7 723
234 538
456 646
274 446
759 740
320 859
374 247
211 723
145 171
2 714
87 280
851 93
695 718
737 659
123 512
732 78
509 408
650 796
389 553
727 106
771 212
276 11
850 912
135 304
218 339
146 468
156 462
629 366
796 446
439 723
494 928
50 609
663 52
199 565
880 632
244 757
579 1
781 272
30 796
270 250
897 791
757 759
647 601
626 177
657 44
749 777
271 449
275 459
663 242
276 880
74 883
19 824
584 219
775 762
617 578
109 243
654 216
136 112
763 829
450 135
159 904
474 724
518 124
152 261
264 148
150 606
871 896
516 49
827 883
511 506
208 891
155 849
610 167
773 100
377 645
450 158
382 662
129 8
537 443
683 718
315 293
337 880
332 608
644 440
170 636
597 51
796 386
652 447
583 842
837 539
880 275
42 136
872 482
868 522
267 191
915 174
643 85
224 880
298 417
2 445
717 855
609 822
79 697
887 278
703 277
