1000 4908
451 719
768 704
590 930
454 680
825 964
313 317
111 820
296 928
540 553
27 816
340 297
796 931
768 895
894 952
626 373
404 974
576 23
316 229
759 179
542 801
912 88
211 60
999 47
909 718
326 458
240 126
457 265
644 560
920 217
581 198
922 709
461 199
634 203
390 376
670 724
478 191
604 300
472 242
623 785
935 916
383 683
97 219
794 500
264 748
35 980
726 81
410 950
394 275
916 791
676 315
507 813
878 219
492 63
20 892
148 297
93 249
651 178
834 206
302 791
193 545
818 417
262 803
604 959
965 695
770 284
972 658
646 875
656 717
635 661
171 220
409 121
853 451
1000 521
213 297
177 835
803 348
550 566
847 712
849 142
443 739
995 782
742 270
597 974
627 391
446 994
655 632
14 501
414 373
586 234
550 508
437 119
612 878
294 117
941 124
637 866
261 347
356 963
31 500
696 758
380 103
34 906
54 959
863 150
996 169
500 835
228 954
947 551
363 709
804 561
36 311
825 652
861 235
823 596
873 584
827 709
661 789
979 663
449 608
836 116
505 182
485 968
413 685
633 106
191 5
962 966
112 477
731 312
196 306
324 250
179 802
772 299
772 931
836 585
169 280
337 964
670 640
745 462
12 271
305 275
640 85
332 761
805 368
532 981
917 577
638 285
454 697
885 424
409 218
175 916
67 978
680 968
132 317
492 810
590 546
260 591
4 875
670 699
23 388
7 461
241 268
334 924
710 907
503 907
888 255
254 23
418 180
826 610
629 233
520 531
165 95
65 649
779 213
535 429
543 963
802 46
803 731
891 387
489 499
25 515
853 384
166 820
440 135
853 311
802 980
285 608
416 332
436 586
979 475
292 534
276 499
241 748
902 347
850 40
246 479
945 964
639 961
124 709
68 714
624 968
493 67
476 157
345 38
901 622
867 129
978 315
278 560
943 92
728 814
468 647
207 749
430 751
824 610
933 22
934 364
935 374
537 131
823 479
392 953
827 208
452 280
504 776
893 232
694 438
14 755
905 17
383 48
419 715
645 120
387 795
384 121
857 731
619 699
190 961
431 83
472 555
877 255
880 647
458 706
772 125
844 85
846 849
208 464
371 60
651 869
67 960
447 371
506 797
730 950
506 131
145 95
375 739
754 16
555 634
519 479
939 174
256 478
815 964
263 285
545 926
899 474
824 785
641 642
626 909
474 430
408 630
990 64
831 485
468 209
523 572
749 117
106 24
325 314
588 30
92 91
330 762
972 189
131 954
296 560
25 585
390 933
396 344
526 683
122 888
160 405
516 303
458 134
831 954
599 757
998 567
124 814
527 242
355 135
159 308
839 907
419 814
169 90
575 11
214 795
655 227
171 46
306 494
606 625
644 368
630 521
654 482
962 79
909 31
604 188
127 878
927 471
40 88
629 314
665 753
5 459
61 318
729 578
339 529
1000 778
360 532
605 886
750 460
273 568
108 621
772 534
661 784
314 650
293 522
909 603
671 94
923 867
735 679
68 413
360 238
857 560
180 556
456 930
472 78
827 856
257 301
335 717
595 484
43 787
389 243
582 631
528 199
257 787
326 27
54 188
220 103
221 367
78 953
222 557
152 617
246 852
745 27
672 986
571 993
508 658
714 176
639 475
576 580
737 753
130 449
42 786
69 342
8 723
2 897
360 70
909 564
343 941
362 803
365 865
574 641
646 242
102 125
170 349
548 685
925 660
788 784
175 991
894 918
457 368
490 462
221 162
277 709
646 141
153 130
19 316
246 737
104 773
214 363
765 80
34 391
396 354
772 867
990 53
493 515
187 696
577 782
776 331
834 556
62 957
49 703
270 225
72 370
181 48
861 483
539 898
441 931
10 802
148 475
525 193
428 623
840 749
698 65
363 798
655 715
804 822
881 708
550 718
740 285
997 884
335 637
999 31
32 319
711 529
725 51
682 732
240 524
793 810
935 628
575 38
741 383
941 365
119 106
618 583
654 569
161 219
416 754
623 298
695 713
310 499
898 544
593 259
151 90
241 461
724 837
949 163
854 673
547 795
804 288
626 461
394 470
839 538
974 382
725 956
796 924
121 38
393 9
598 965
966 84
589 903
825 14
146 252
457 36
114 520
548 487
698 658
351 640
905 377
483 142
448 508
618 575
498 38
819 777
255 914
476 522
460 912
888 954
421 909
211 386
484 812
794 860
164 354
548 917
36 255
115 862
314 306
98 528
559 86
246 354
137 238
49 681
800 367
287 371
731 658
396 812
254 584
516 379
147 837
973 956
479 813
190 208
283 712
377 149
158 953
379 259
333 488
698 665
953 74
776 2
443 437
828 432
745 801
868 568
747 60
250 508
857 524
629 349
750 355
163 978
104 657
789 106
700 238
646 374
152 97
337 48
619 6
231 297
804 778
783 502
416 512
717 771
520 555
850 795
778 21
779 342
992 98
429 774
908 434
431 614
387 275
824 55
201 306
540 500
883 298
721 699
79 810
152 319
790 552
266 677
122 174
505 337
693 224
538 3
698 522
109 687
757 67
760 473
170 760
960 235
778 430
375 527
726 110
195 569
715 580
538 290
589 778
21 417
165 638
22 473
170 651
962 924
264 951
359 243
563 679
712 96
478 465
587 214
328 212
401 258
996 499
665 251
422 152
99 550
858 192
248 801
482 792
430 989
508 453
127 701
990 879
436 892
757 278
153 837
833 176
391 455
211 805
710 756
343 590
568 632
695 527
954 74
42 896
166 689
207 901
61 453
262 133
114 608
301 929
782 433
675 345
196 137
877 344
436 245
858 138
445 567
122 538
234 30
10 568
559 870
794 158
637 66
782 288
748 203
252 794
418 837
517 514
537 265
259 814
259 184
880 602
977 968
45 663
236 491
600 423
582 267
696 16
823 424
929 312
477 673
422 345
738 950
553 956
763 930
605 272
808 900
255 139
646 647
614 29
228 850
979 762
376 496
727 174
268 339
443 835
54 242
818 596
330 20
757 907
295 252
721 336
775 182
337 78
201 225
673 479
69 830
518 414
400 703
627 255
735 523
891 455
427 662
482 810
66 685
105 331
323 156
633 812
796 634
236 381
790 298
629 498
256 150
939 397
498 631
543 775
213 539
396 538
589 932
418 491
222 821
495 897
242 167
577 133
723 281
942 64
618 538
379 936
323 103
930 398
159 832
145 17
823 818
592 556
132 988
831 220
835 321
850 876
64 239
466 923
411 370
468 724
620 953
876 6
396 888
255 524
74 24
314 619
362 171
884 435
794 490
740 981
299 15
504 266
31 970
15 668
236 372
145 902
274 396
277 795
477 126
775 902
801 887
122 194
726 627
338 65
197 111
988 366
770 258
293 1
519 566
939 531
599 15
617 314
581 265
837 805
269 24
239 309
626 623
442 909
555 994
523 153
188 691
577 621
702 253
609 848
210 560
870 217
210 454
28 321
266 500
140 267
604 301
416 126
421 51
607 586
166 46
352 673
313 666
461 780
558 394
688 229
283 309
836 999
949 194
988 502
842 473
842 914
811 872
757 580
225 6
759 687
639 981
767 110
624 775
676 832
694 758
520 826
796 636
657 660
965 83
626 614
73 638
155 510
368 212
168 497
574 356
644 48
137 838
424 219
209 900
860 510
348 277
125 178
384 557
607 228
165 849
791 566
204 697
152 506
282 610
412 65
763 103
525 380
29 503
51 748
949 203
678 401
717 363
779 795
170 319
555 915
816 366
210 150
543 679
175 505
822 751
894 585
262 662
328 981
880 738
240 55
720 156
538 872
833 872
910 106
61 482
122 110
502 235
151 560
450 901
602 774
179 180
487 983
953 311
19 104
990 417
611 556
479 583
541 51
906 71
294 623
601 403
910 903
824 452
732 341
861 318
418 301
844 68
862 639
933 923
296 733
601 88
965 803
451 248
108 898
896 411
328 77
211 191
59 312
831 910
64 583
138 498
653 70
837 308
231 741
287 216
879 914
110 398
457 338
828 647
936 539
919 344
761 508
522 546
764 68
105 14
655 151
372 714
472 433
825 773
128 83
516 4
780 511
719 106
782 872
136 872
188 994
10 949
597 991
282 363
530 287
436 334
95 636
518 841
192 762
563 413
671 467
395 962
948 161
254 513
272 23
135 235
37 852
854 677
371 621
656 380
581 348
485 840
326 231
893 371
940 315
556 430
191 21
455 911
940 58
409 87
248 560
689 510
763 339
535 103
251 423
804 695
355 297
887 388
348 64
457 690
793 296
156 658
765 226
396 129
187 862
489 820
971 232
535 406
629 311
21 642
61 864
228 90
273 979
379 683
20 833
949 619
144 57
468 44
457 601
83 929
71 797
803 490
707 264
381 520
537 679
221 86
665 461
707 755
445 824
465 87
194 911
431 974
177 731
307 510
130 357
493 972
793 305
226 841
244 24
923 591
834 501
682 226
448 621
123 51
160 39
68 277
237 892
291 500
880 459
611 326
594 319
939 335
996 255
292 816
632 11
854 757
160 406
72 579
613 743
723 775
128 794
534 406
376 366
380 826
43 547
483 149
800 689
598 612
657 728
584 797
507 11
988 320
170 603
537 680
936 752
421 573
761 860
119 911
597 462
427 903
337 712
999 949
985 356
325 838
476 873
369 514
615 511
599 495
211 909
506 432
72 176
750 151
308 366
225 886
57 503
884 634
612 327
984 576
759 528
550 29
615 762
357 249
28 919
929 488
861 747
933 294
517 980
578 706
425 530
338 680
65 480
102 282
764 249
710 400
857 124
802 282
960 162
224 216
846 30
154 227
796 598
528 687
694 400
287 502
144 768
951 527
284 826
809 114
572 570
629 519
524 547
818 269
841 600
322 659
528 58
164 210
240 355
161 983
702 951
421 717
31 980
623 212
264 243
934 930
926 319
98 81
768 649
587 463
329 467
236 777
94 664
496 529
151 691
43 74
734 810
815 215
375 554
853 699
857 402
858 125
719 552
796 607
165 14
844 786
850 339
486 341
724 275
236 74
818 872
983 621
825 168
452 907
343 57
697 426
626 64
536 435
536 872
772 137
21 309
396 483
78 318
543 736
173 388
816 552
862 276
489 688
569 890
587 375
307 322
36 345
782 157
240 815
835 279
760 11
982 958
302 406
283 800
267 103
620 527
641 963
623 87
759 499
186 29
889 272
23 674
793 786
637 897
965 591
730 907
803 989
952 822
844 183
537 246
990 310
919 277
676 82
362 717
539 821
273 158
644 366
792 36
518 323
334 506
796 417
867 331
406 780
140 202
105 696
52 356
397 298
144 338
92 755
299 859
93 785
21 244
605 31
967 558
368 434
171 126
673 208
161 36
396 632
638 167
543 816
976 538
593 556
246 771
197 911
405 689
406 566
329 802
672 514
195 261
451 88
518 195
26 220
931 113
935 879
76 544
135 664
942 728
414 298
287 56
187 77
329 319
937 786
257 253
204 279
653 658
135 244
211 370
711 736
765 541
767 466
548 997
880 190
880 579
94 738
718 359
289 400
223 410
993 751
135 958
720 167
808 607
945 588
850 131
233 12
222 57
592 775
223 860
735 895
355 867
264 375
619 55
564 373
693 993
710 522
526 143
187 510
179 453
221 705
521 290
296 168
114 182
834 440
563 234
339 321
765 122
395 243
17 687
205 800
906 479
533 116
438 183
369 156
849 199
796 439
528 642
874 217
233 810
548 154
507 778
343 181
805 250
438 38
207 581
64 567
357 188
709 771
447 203
550 253
952 860
92 189
416 756
404 97
632 90
464 385
465 21
339 217
638 479
286 5
967 913
550 76
825 136
700 780
919 722
21 915
338 973
834 966
728 178
375 490
119 499
858 407
32 269
896 120
770 20
293 307
955 455
775 773
98 486
313 876
320 511
304 980
302 579
302 212
105 659
144 557
14 797
236 264
37 644
249 169
836 38
840 311
479 786
886 502
390 444
302 434
653 506
15 545
72 41
287 996
643 402
742 674
640 738
258 578
596 342
961 235
275 777
781 256
287 134
952 978
517 752
936 140
130 223
829 617
295 276
279 55
491 138
617 471
854 595
29 353
86 713
549 634
166 85
694 637
316 250
823 684
681 5
646 602
422 719
758 21
163 683
635 151
484 455
834 910
800 373
451 278
586 120
201 1000
56 432
916 542
421 88
294 990
595 239
768 744
101 346
835 243
305 954
147 515
269 148
303 433
254 359
218 953
627 373
607 892
22 121
794 206
61 18
667 699
135 826
282 410
249 869
450 501
468 449
948 286
548 827
553 983
181 830
442 683
19 302
595 406
268 74
154 359
579 135
391 680
414 505
960 238
825 848
442 993
114 322
765 519
478 649
377 199
576 423
933 789
273 268
75 117
864 937
888 562
424 315
460 425
650 60
725 600
73 497
446 748
854 249
821 471
159 359
17 444
808 908
576 668
537 760
865 219
314 835
498 369
170 722
334 251
685 407
86 454
289 970
700 793
224 188
612 125
540 754
523 81
192 981
465 137
214 859
196 434
550 625
135 65
788 542
623 778
493 902
874 775
519 734
42 238
500 275
690 255
247 742
912 760
559 353
702 506
626 375
789 180
490 129
761 964
575 297
10 752
483 673
943 534
323 277
293 101
626 541
916 358
790 157
611 29
573 718
206 578
96 53
981 243
250 111
985 317
592 227
839 245
329 801
787 934
377 845
927 53
348 426
919 758
775 167
756 237
816 988
834 407
925 385
376 547
341 74
548 86
779 95
302 610
868 320
828 249
384 275
205 192
884 198
127 284
963 473
908 769
70 685
922 38
443 676
495 736
327 870
239 703
303 991
204 837
772 301
153 411
154 11
154 964
800 426
998 534
656 185
822 586
52 817
550 16
532 944
789 46
934 580
461 546
815 601
102 865
582 543
269 16
934 971
147 482
112 981
791 314
649 511
667 968
75 157
942 265
134 954
284 601
873 601
910 957
862 438
595 232
271 845
187 638
691 911
222 334
656 995
276 738
941 709
507 593
504 868
948 133
395 410
896 848
397 370
553 785
99 391
955 162
43 428
850 52
913 835
262 206
302 320
29 753
912 944
947 339
587 638
192 413
476 137
296 234
957 11
557 784
355 946
248 216
943 903
413 664
925 421
13 382
679 305
587 18
52 863
917 280
735 609
477 934
630 291
496 642
372 121
293 256
395 2
569 851
180 353
8 675
805 56
164 176
97 712
793 462
888 610
278 733
361 5
806 840
598 60
266 829
670 914
325 988
824 895
932 189
439 415
792 583
875 855
145 110
262 778
928 813
485 24
675 661
69 142
415 603
343 430
536 290
935 746
862 926
205 393
558 521
246 117
670 294
129 578
654 593
289 281
145 799
54 214
358 410
383 782
703 751
351 922
816 961
762 456
785 243
984 13
285 734
650 363
328 699
395 616
496 359
403 821
997 708
294 602
581 908
819 482
641 1
563 176
629 69
105 651
246 616
226 687
286 50
161 510
273 740
54 62
721 230
939 965
500 21
500 167
764 92
861 553
468 491
98 340
829 821
625 986
774 658
168 487
700 634
891 67
302 189
412 88
574 3
582 154
880 554
790 342
300 320
688 820
408 833
630 571
10 345
447 849
525 817
506 30
127 650
397 413
54 605
190 628
746 664
771 103
130 847
828 697
66 117
705 511
92 229
389 753
263 813
875 484
765 285
270 734
70 203
291 631
772 868
862 311
4 859
262 505
262 66
209 854
563 131
357 64
675 989
747 911
363 594
400 173
245 515
122 566
170 510
240 688
889 305
853 342
377 5
858 797
988 751
20 636
477 124
921 955
976 245
460 363
36 658
101 886
62 708
428 636
618 771
286 728
177 900
714 578
915 703
381 444
536 125
537 113
60 432
899 788
996 79
119 232
526 600
233 471
513 234
906 490
100 636
933 634
559 989
493 488
149 953
171 137
743 546
102 840
302 683
999 67
72 777
72 503
91 53
94 957
793 927
277 546
939 986
375 60
553 433
615 510
28 865
717 544
214 317
676 949
931 391
769 288
736 136
864 994
866 519
224 801
924 49
727 927
504 316
123 440
451 215
237 773
207 651
408 920
256 391
207 415
238 117
893 943
362 252
967 2
293 841
476 356
205 429
742 331
924 471
854 570
263 728
450 993
469 510
643 361
437 848
404 872
550 183
5 636
484 960
942 311
107 387
526 438
92 766
128 431
107 886
94 702
939 444
776 874
462 77
249 410
357 340
674 118
819 908
343 474
329 101
422 369
759 196
192 886
745 224
175 119
197 38
700 91
847 817
517 658
765 364
257 292
161 833
104 833
818 957
43 889
428 331
250 167
783 296
442 797
640 364
493 950
240 305
39 366
629 527
481 534
25 945
55 755
337 586
525 964
855 904
949 733
767 755
588 5
537 475
215 782
228 546
376 789
105 268
216 212
472 521
254 321
927 117
823 528
862 384
555 158
538 378
316 650
705 912
868 484
523 380
558 744
379 551
222 562
198 738
967 496
442 429
772 661
505 302
538 237
540 665
725 856
541 998
925 465
211 562
712 77
165 333
36 494
952 934
198 182
611 171
811 470
826 463
134 898
563 12
318 551
442 923
147 139
147 830
294 904
441 938
80 816
158 501
579 223
866 511
141 239
210 285
842 978
761 242
37 335
481 838
27 133
858 531
360 666
785 292
933 542
951 339
735 390
572 36
709 610
332 171
855 31
306 989
806 674
535 346
477 547
574 915
502 380
595 106
885 647
905 134
544 322
343 878
855 83
729 752
689 91
569 318
72 354
509 659
458 647
630 977
404 289
832 50
230 820
1000 659
836 364
857 847
89 527
823 955
401 48
477 955
605 212
41 940
61 603
43 519
192 859
134 850
925 50
809 292
379 910
885 153
565 406
987 178
679 446
644 462
58 681
537 199
702 651
216 353
606 410
45 480
317 664
652 449
296 500
694 608
805 931
555 784
293 265
314 315
558 944
461 184
401 744
491 44
395 956
179 430
634 908
530 653
971 631
842 885
98 534
95 695
721 12
919 97
540 86
154 998
766 229
360 281
474 782
932 838
94 483
522 399
570 118
150 911
329 681
104 169
675 799
231 926
436 691
698 74
772 821
292 226
866 174
336 946
575 746
779 813
635 800
338 892
397 492
307 545
570 956
910 812
677 70
365 538
222 189
75 136
817 473
25 733
671 645
893 174
269 980
970 706
110 168
883 309
976 625
95 454
888 680
151 464
509 280
601 712
637 169
160 787
123 921
568 453
73 188
881 383
259 281
114 563
170 148
8 327
2 24
745 160
800 739
194 14
68 958
987 733
783 780
737 830
754 86
19 947
171 447
778 237
725 695
372 897
841 281
52 636
208 903
754 169
259 784
830 18
854 798
504 841
32 59
893 167
587 964
788 760
436 277
350 887
369 459
222 742
667 198
597 222
95 982
670 826
529 217
730 305
533 81
788 367
507 132
42 18
184 512
633 624
637 488
431 793
394 583
269 687
771 382
458 402
537 218
920 206
115 450
61 727
635 651
725 688
307 648
266 951
75 448
126 632
417 84
456 580
127 732
772 970
384 923
764 572
828 273
424 226
153 31
816 958
925 244
528 744
54 89
656 599
159 628
256 325
884 691
441 975
577 234
310 833
130 135
711 596
362 894
768 995
718 243
763 156
406 826
50 60
577 817
701 159
637 453
379 437
234 642
394 590
949 805
676 675
660 869
967 182
844 663
539 668
25 696
827 212
245 852
437 976
431 450
507 23
803 288
531 423
916 702
738 426
719 636
395 120
832 683
63 557
588 393
988 38
790 766
6 345
576 251
356 435
287 814
390 419
266 583
94 403
195 321
583 280
623 129
917 95
723 694
873 966
966 1
341 216
233 551
949 814
289 373
291 546
623 685
844 654
310 685
421 427
192 632
83 324
612 167
67 85
768 555
988 142
886 503
574 953
224 616
71 226
499 964
579 773
928 929
138 136
231 213
396 110
548 627
843 904
94 713
701 981
942 840
851 367
923 650
504 536
429 242
103 426
310 652
507 104
252 321
273 752
992 866
148 155
993 31
973 662
478 12
149 867
903 85
680 514
854 438
654 953
159 485
877 314
142 608
71 722
516 954
495 13
864 231
146 849
745 50
215 391
493 208
200 782
693 615
149 570
574 928
302 946
1000 810
898 300
497 631
512 453
254 429
777 488
355 251
598 149
871 841
802 816
414 805
54 45
1 85
51 784
518 554
671 966
819 827
688 769
763 327
48 539
765 183
765 738
656 858
161 348
470 454
769 426
735 478
827 169
526 521
689 709
997 4
390 178
912 863
51 317
90 695
91 524
790 784
901 718
648 382
633 800
300 561
264 210
672 356
677 699
676 340
404 902
516 650
259 345
757 16
211 103
124 118
640 524
185 202
19 2
590 922
811 150
701 856
740 88
260 642
542 466
563 180
520 456
35 591
144 491
533 911
185 164
147 605
757 886
257 926
44 775
380 900
924 182
64 871
326 275
768 697
414 362
268 63
308 403
387 567
402 168
115 682
646 463
887 214
256 586
800 566
449 664
816 40
809 207
360 546
474 253
683 183
960 91
811 214
26 639
745 688
28 667
818 755
710 118
639 84
622 244
39 455
477 747
20 590
644 75
809 327
645 286
421 521
772 907
337 475
617 961
209 860
999 897
502 251
483 388
599 433
517 718
611 160
375 931
810 773
971 324
686 547
338 40
871 150
967 710
468 174
344 319
783 561
990 666
935 448
331 11
477 403
499 71
192 180
376 325
374 773
837 403
395 696
785 760
768 96
185 399
723 683
894 815
880 568
533 771
601 202
855 339
833 683
969 417
952 487
40 737
21 610
661 662
670 746
70 48
675 275
985 212
163 800
768 265
274 62
58 371
899 347
26 687
867 687
961 280
975 391
688 901
211 339
416 237
614 358
54 294
326 512
94 797
160 643
828 149
955 519
846 970
427 174
284 154
123 190
2 176
758 280
672 230
209 362
379 28
933 778
104 64
195 212
802 852
213 712
824 644
287 780
145 85
274 166
293 666
75 731
370 681
495 105
865 21
222 970
489 320
677 191
57 388
437 249
160 205
996 708
540 233
247 894
501 3
16 751
571 859
291 400
827 639
916 623
884 580
962 839
134 740
854 857
853 719
599 496
819 467
32 559
823 867
474 800
207 242
880 680
21 515
98 288
867 946
541 311
778 987
194 217
322 463
837 546
12 510
917 142
901 521
591 662
298 734
171 356
156 157
690 568
838 929
513 430
107 918
20 714
824 819
504 552
938 91
668 699
812 560
412 321
725 369
64 835
158 141
948 16
513 898
490 719
71 821
865 886
554 964
846 830
992 253
759 86
518 902
853 157
598 974
766 60
967 542
70 162
198 348
990 339
739 583
480 136
334 727
522 636
190 141
504 254
506 821
140 577
877 813
232 426
682 755
2 53
799 591
262 52
945 163
598 743
857 257
394 513
568 950
219 898
263 655
829 699
744 929
8 387
390 327
633 378
799 594
801 346
804 546
626 772
293 893
577 406
25 238
337 332
544 420
554 479
123 329
736 924
128 342
493 727
498 226
523 383
637 927
802 692
584 383
875 605
180 106
272 576
643 999
917 840
778 246
7 695
763 82
523 459
711 419
967 821
187 615
384 953
847 867
919 566
903 359
541 555
541 918
211 954
763 810
984 504
362 897
296 342
163 932
517 119
442 25
92 814
336 49
634 120
78 50
947 285
79 928
111 895
644 731
151 503
646 227
794 232
26 30
615 943
428 171
819 224
530 21
660 800
324 929
844 168
517 297
187 602
205 87
80 197
619 183
284 471
233 323
140 953
569 793
168 71
588 882
518 322
40 865
690 222
637 762
836 478
984 511
638 838
931 111
145 339
701 617
670 93
945 959
690 775
693 553
701 423
289 230
272 90
163 838
326 758
935 732
331 388
645 663
25 310
460 534
923 285
564 826
893 519
431 696
658 546
456 961
952 966
457 163
112 957
186 969
387 117
188 821
698 631
978 203
221 216
378 305
379 421
469 401
397 148
605 411
388 220
147 299
148 411
828 216
943 149
276 755
376 188
437 802
161 423
253 309
788 747
314 709
700 580
927 922
939 878
101 667
887 556
428 10
925 708
694 277
782 400
20 972
86 393
721 713
402 681
461 515
298 103
298 432
891 300
854 400
69 952
804 634
815 991
293 789
268 303
72 696
414 672
933 912
237 3
801 545
369 320
86 70
390 990
67 895
284 751
373 911
376 998
513 316
108 368
571 218
682 982
367 753
498 183
299 426
959 989
764 753
476 235
632 238
585 386
605 681
396 615
102 668
383 913
361 40
222 988
776 584
317 141
801 95
548 50
322 120
362 668
329 327
969 195
295 192
540 766
559 867
377 536
598 794
140 281
124 374
90 713
788 446
328 659
757 709
296 636
493 923
728 501
928 578
669 989
967 174
968 784
326 135
187 335
83 603
337 884
742 48
37 774
93 440
380 820
252 385
107 571
750 794
114 164
275 74
612 596
653 170
225 991
688 870
513 475
464 687
485 976
20 734
307 400
163 970
274 238
304 537
427 634
61 403
472 342
413 547
365 903
902 39
824 555
767 757
290 475
296 219
628 923
735 961
439 243
332 271
759 400
7 399
985 729
429 675
759 399
971 982
379 555
754 304
721 675
126 109
633 303
59 580
374 746
690 811
982 981
397 669
162 455
125 503
71 590
73 88
476 190
901 560
302 668
995 951
759 182
483 513
284 982
733 981
108 902
31 315
752 503
711 448
540 716
743 983
889 188
796 664
875 298
35 547
752 63
955 380
39 695
229 84
334 621
151 393
210 16
37 687
670 959
714 585
809 12
414 283
508 280
240 173
240 882
519 930
939 391
558 497
916 756
942 479
535 423
934 766
102 550
450 31
969 584
736 845
626 301
22 848
422 532
903 400
129 382
304 366
51 116
16 178
263 938
296 282
827 727
368 267
790 2
589 92
663 959
613 368
460 640
390 811
339 817
212 33
472 793
161 869
915 994
770 310
990 703
186 241
295 561
205 254
340 372
557 820
725 306
856 703
121 983
51 351
197 452
73 206
806 584
886 116
919 811
6 746
995 84
540 342
766 64
310 784
393 650
781 465
181 299
809 339
404 14
633 572
776 612
852 471
725 711
910 784
394 625
507 216
145 587
440 805
596 135
576 812
867 255
101 975
427 52
801 446
949 748
507 841
807 571
54 768
955 506
969 163
165 811
334 48
725 896
926 771
104 982
601 312
837 423
761 138
767 495
215 930
236 152
823 547
203 33
793 1
78 53
558 259
73 908
637 282
788 470
807 34
823 632
272 965
586 385
518 486
260 498
957 692
975 789
27 76
781 347
428 973
656 859
107 353
890 627
256 940
679 49
330 448
819 653
758 479
776 762
618 1
993 840
14 176
238 388
213 473
842 816
535 413
169 758
793 48
4 475
902 30
604 151
688 731
377 686
447 183
540 847
472 545
307 215
606 18
932 769
607 714
940 500
209 262
998 253
982 155
833 798
472 5
266 520
934 286
862 924
975 679
171 206
559 932
714 699
726 833
341 583
123 12
23 239
787 8
891 821
72 263
39 922
152 529
160 493
65 315
340 544
714 341
844 126
67 811
187 837
424 369
533 515
921 934
670 923
303 155
765 239
179 860
682 136
138 253
699 527
450 77
831 944
744 244
961 914
1000 30
37 783
584 349
694 542
969 447
473 386
147 394
783 138
611 974
260 480
578 359
79 411
372 407
759 794
711 890
906 650
774 959
822 49
936 266
477 981
196 581
222 572
171 570
619 817
209 86
335 839
429 450
107 413
126 391
593 393
627 639
332 719
404 96
828 555
598 157
689 583
392 321
466 312
466 133
302 50
949 655
962 301
586 473
677 339
272 470
272 923
107 51
98 303
939 943
62 281
597 124
32 279
221 141
893 454
142 860
624 235
201 14
45 755
421 561
812 103
757 491
335 352
941 261
389 600
601 903
174 219
529 501
837 692
489 350
90 388
73 452
936 838
419 954
421 898
43 179
761 380
564 502
721 330
320 118
729 222
211 774
387 139
416 916
306 911
332 895
174 566
495 321
831 748
79 331
373 255
945 470
138 937
502 413
306 136
218 403
533 301
772 555
147 259
721 754
850 461
321 74
752 902
710 412
451 554
997 894
513 849
808 266
545 981
620 157
669 117
507 699
467 746
873 915
229 167
414 181
128 59
883 873
241 486
504 551
757 832
701 723
975 500
261 369
695 3
687 117
651 636
984 484
694 388
507 874
508 84
201 990
54 296
147 374
862 606
59 578
482 977
373 773
304 465
411 471
59 835
487 527
971 926
492 576
754 376
537 120
900 583
575 378
541 310
686 780
1000 712
140 497
32 234
447 946
256 108
495 832
493 629
222 77
22 62
557 150
263 388
611 689
428 334
627 911
602 695
270 695
768 979
462 297
660 798
383 812
180 267
6 55
906 724
119 474
335 649
374 267
504 470
910 617
640 706
143 305
625 786
572 306
701 487
439 816
884 502
577 866
597 310
427 159
802 769
854 207
340 510
287 143
15 444
832 647
169 63
840 687
657 793
392 197
598 192
195 197
505 298
437 459
951 912
236 718
360 799
421 401
388 580
850 923
338 996
375 980
484 826
837 687
714 852
624 367
897 202
241 845
866 462
666 659
49 544
541 230
410 398
908 385
569 895
97 512
129 46
393 608
919 994
538 898
495 348
61 897
557 892
284 260
905 702
449 777
763 606
429 371
884 344
128 388
381 26
861 165
883 661
221 6
604 534
405 250
745 733
564 821
428 873
303 53
894 456
152 660
880 865
301 463
807 62
377 987
450 619
165 544
941 158
725 657
142 24
304 664
429 74
602 76
696 596
431 624
825 467
809 686
296 641
480 531
559 85
10 403
743 103
156 3
247 521
559 973
470 359
137 398
146 594
611 826
612 180
802 639
54 737
152 249
819 297
729 798
201 527
516 271
627 109
943 239
9 253
264 371
248 760
836 57
512 810
620 203
451 93
192 861
620 40
935 872
47 551
901 510
796 241
579 739
67 566
260 266
782 339
486 60
397 772
343 669
677 82
517 238
59 753
595 931
262 950
303 784
287 383
161 831
548 776
259 580
332 737
521 116
95 219
765 766
637 499
468 907
358 926
72 62
549 71
955 229
211 709
443 607
652 681
688 148
855 766
586 126
155 30
716 411
700 234
545 150
719 758
542 669
887 265
390 227
607 724
581 756
507 385
969 881
289 924
788 434
789 300
20 36
645 509
225 319
336 401
392 846
411 980
395 958
540 921
677 44
589 623
455 487
991 49
313 570
98 365
335 104
927 786
29 398
20 366
343 589
788 347
677 957
457 621
847 918
518 594
98 732
405 704
999 163
431 320
657 321
824 888
344 580
257 744
115 841
414 701
520 583
705 679
154 272
51 798
605 902
209 706
264 502
701 403
131 96
81 908
260 79
137 950
283 230
726 78
102 675
340 426
421 207
783 616
201 593
951 65
257 125
518 113
114 734
186 819
443 931
542 934
172 949
763 55
764 191
943 685
910 48
92 183
43 853
520 426
573 672
61 619
408 441
932 53
725 708
38 18
322 546
976 709
2 420
221 720
573 785
638 529
340 480
727 220
468 706
15 789
71 830
829 727
124 467
597 402
301 297
838 527
716 359
736 961
714 223
276 771
114 866
833 141
335 949
945 628
465 195
967 62
275 608
402 937
76 208
827 916
997 143
724 142
389 520
601 113
951 111
654 625
730 430
15 600
34 700
454 38
437 242
240 547
350 898
794 124
336 503
462 230
931 229
378 331
400 898
704 398
783 900
934 511
893 576
477 517
193 297
170 520
482 509
873 366
691 755
891 590
15 382
329 534
257 900
366 38
976 609
394 567
896 556
548 692
427 964
195 346
196 84
343 391
262 584
643 88
384 118
735 742
4 892
684 449
437 448
81 156
85 265
119 636
119 171
853 60
47 117
894 401
549 979
250 546
733 908
754 70
310 871
827 331
949 590
97 423
596 869
995 775
543 996
889 758
575 174
982 515
829 621
723 817
952 594
2 297
2 914
169 642
757 380
101 813
689 244
376 292
361 560
6 978
396 113
626 649
573 249
272 953
844 426
607 734
486 968
78 413
758 117
598 153
25 259
174 511
143 738
823 299
20 993
240 706
236 922
830 664
885 585
80 923
829 151
965 434
121 321
212 435
31 665
714 797
571 291
679 585
735 636
975 838
131 642
408 840
372 118
119 490
617 463
66 95
955 364
710 810
974 753
950 398
963 981
891 488
844 543
296 456
701 98
811 283
248 502
543 277
196 638
303 826
170 388
15 332
615 324
915 265
384 213
550 960
68 22
151 843
425 712
634 90
67 434
119 479
899 495
381 734
269 839
533 197
925 169
917 102
22 1
633 118
741 253
190 77
745 167
865 59
857 638
605 232
537 773
593 318
428 335
340 926
409 442
279 253
160 589
981 288
734 777
214 285
179 800
416 574
971 249
572 423
900 203
59 125
230 417
67 835
999 890
266 330
765 414
160 398
439 734
940 960
724 679
883 677
829 444
314 744
822 953
905 309
999 572
505 200
68 116
857 726
886 739
656 122
589 406
933 297
131 867
851 31
816 126
727 733
581 578
947 603
530 401
965 403
949 830
72 478
623 973
238 303
115 846
972 459
877 489
260 386
351 926
669 399
317 794
266 482
767 861
785 966
790 347
594 773
263 4
434 399
293 69
576 695
941 378
25 869
553 722
589 73
644 756
242 116
226 922
940 501
31 380
729 14
28 132
31 743
910 677
896 726
197 913
240 413
868 167
204 56
955 720
519 508
334 353
394 258
905 446
672 415
174 206
893 121
287 85
678 165
337 502
627 712
883 63
477 359
357 848
846 652
247 598
984 581
877 915
476 962
509 182
801 378
144 416
866 387
166 536
646 461
635 543
834 872
885 252
589 349
470 579
292 531
573 638
154 99
395 640
711 126
586 46
504 766
605 126
842 828
295 758
574 178
722 235
960 215
228 550
615 372
874 680
263 750
782 991
639 39
442 840
984 64
509 777
737 59
97 785
170 498
172 274
299 666
102 87
196 963
729 655
569 277
217 488
365 736
166 78
25 16
742 391
832 712
653 430
218 393
644 173
441 320
186 702
334 704
796 96
870 475
13 703
415 600
15 538
970 319
146 135
976 970
520 951
194 960
962 533
335 533
599 872
677 513
909 742
15 70
552 488
679 223
844 683
791 940
976 430
151 902
440 31
338 33
728 116
321 674
548 966
971 606
273 327
177 118
166 522
940 339
742 963
553 594
284 303
974 242
434 265
160 629
717 63
827 412
21 760
909 941
327 57
889 16
318 90
104 653
327 244
51 637
252 631
218 515
76 927
476 547
584 378
97 946
131 863
627 345
101 597
815 178
122 103
340 719
469 813
571 662
436 176
384 353
644 970
293 164
847 717
403 988
542 131
307 718
287 556
491 570
221 983
295 959
976 239
573 963
916 199
79 339
338 789
999 151
553 732
568 30
396 591
823 717
742 5
205 947
112 383
990 366
442 320
902 321
801 695
152 773
818 666
114 577
214 617
861 55
363 692
630 981
990 595
493 41
153 585
481 340
274 596
891 250
442 396
284 155
113 417
205 752
754 292
5 430
635 897
318 977
355 41
834 451
48 378
431 585
345 981
125 687
516 139
269 888
666 312
955 986
724 502
533 882
451 193
307 580
470 16
127 410
73 874
719 116
619 527
847 488
939 917
707 912
910 648
985 188
967 937
126 155
730 687
166 720
683 529
440 210
721 892
921 287
757 728
156 150
759 981
201 177
863 930
132 578
976 403
632 288
82 116
688 940
670 411
592 321
213 84
144 672
906 484
877 408
714 18
811 289
695 980
260 251
228 606
763 593
32 302
788 786
427 461
661 370
864 610
995 472
865 546
405 692
262 743
998 136
284 427
395 677
105 981
507 18
20 928
438 371
574 337
6 578
906 628
392 92
598 331
150 55
837 92
142 631
295 918
73 570
517 553
42 715
118 315
858 932
524 423
563 17
729 748
162 311
804 250
716 703
785 868
186 177
370 434
921 2
394 699
460 855
891 882
733 235
140 738
343 958
404 692
678 583
437 475
367 926
979 174
65 463
47 75
656 251
801 435
875 596
641 585
803 966
256 890
550 539
992 766
554 157
361 97
742 371
851 415
944 203
618 587
857 964
710 780
829 922
473 24
418 254
419 244
737 616
791 514
4 944
956 309
796 865
836 694
836 771
355 661
323 848
639 259
569 323
287 512
788 27
693 509
538 590
170 363
921 212
428 13
525 697
196 113
878 884
493 711
696 276
132 342
939 110
299 239
406 139
854 415
135 182
910 669
128 571
788 460
717 354
37 421
759 225
186 410
847 116
833 400
686 321
330 316
269 444
969 651
783 936
582 229
969 405
661 614
645 33
991 915
153 982
220 784
76 510
526 747
156 18
357 484
299 649
179 435
749 771
346 87
851 932
985 898
440 400
41 777
976 279
458 490
906 856
851 642
76 267
670 976
451 614
195 957
489 581
553 230
517 829
367 497
666 399
960 886
885 628
707 593
652 238
374 77
748 749
140 986
395 290
198 714
307 388
753 852
375 743
441 224
741 207
975 40
615 554
311 189
181 42
165 666
592 268
268 297
34 420
857 904
161 863
201 173
113 744
57 407
976 810
313 900
671 613
563 100
196 539
397 902
765 834
474 869
633 11
554 929
444 265
818 954
99 892
707 59
335 897
504 180
735 556
345 547
635 430
343 930
183 956
677 226
684 903
522 435
960 306
215 399
355 296
302 876
325 591
858 36
587 117
185 712
559 844
739 398
54 584
647 564
7 259
500 524
151 838
28 914
694 12
676 527
404 212
899 222
334 120
42 687
647 581
123 511
269 970
291 731
516 349
772 426
484 176
847 301
481 574
780 882
284 938
965 978
832 98
74 879
530 550
221 98
883 647
333 777
559 334
428 711
506 567
1 322
124 988
492 289
147 467
937 813
204 109
278 734
282 860
377 551
249 730
742 891
643 742
442 635
57 9
599 966
10 866
962 455
670 44
379 111
763 777
752 452
861 702
353 399
885 777
29 23
563 300
528 378
28 987
588 986
16 46
768 163
880 408
400 594
881 802
866 199
187 439
406 354
565 831
745 180
377 498
19 707
549 978
806 318
613 662
990 433
938 731
123 518
208 879
796 352
377 552
123 579
696 639
422 840
194 923
418 285
847 642
633 786
559 126
526 711
823 14
871 658
303 129
483 475
14 641
177 420
221 536
256 644
611 432
99 794
381 148
616 751
525 11
526 171
581 521
555 641
291 653
343 592
131 789
127 338
705 53
788 181
440 27
901 551
791 200
523 384
563 793
836 283
144 820
128 405
254 953
737 619
882 907
438 288
759 746
481 405
318 769
445 135
864 589
68 805
270 932
363 514
560 512
308 385
294 419
594 784
460 324
949 322
724 454
100 803
536 756
489 70
589 86
516 330
286 927
665 75
166 583
484 345
630 148
671 750
757 298
13 666
72 611
912 215
236 197
58 36
439 58
313 629
110 927
599 9
671 895
249 892
783 98
450 903
638 588
291 556
806 296
287 608
369 608
405 930
299 227
816 983
618 920
768 549
767 738
825 879
204 348
224 851
957 464
351 545
688 550
68 230
468 538
824 433
881 640
326 682
850 487
975 299
855 321
928 658
408 669
896 707
805 627
678 655
140 215
859 219
679 820
850 963
408 82
340 36
175 62
431 160
52 126
342 581
211 55
147 601
776 167
374 977
431 474
171 603
441 878
877 449
148 715
883 371
757 672
493 257
204 685
149 226
154 502
707 116
140 133
858 232
710 734
829 871
401 982
480 650
146 169
898 290
22 636
496 755
522 722
191 510
688 359
465 463
356 253
943 741
34 188
548 755
491 485
272 617
790 625
818 23
575 26
8 276
961 46
172 210
941 988
428 689
358 88
765 803
490 96
145 496
899 366
187 669
647 67
568 383
62 58
62 591
890 84
855 444
138 659
307 177
141 986
346 156
805 632
468 894
256 753
726 264
497 216
22 370
80 277
595 850
929 265
231 648
859 739
434 929
164 928
97 13
59 869
175 546
299 963
815 907
540 445
936 837
689 96
211 113
808 208
123 211
123 845
971 385
733 378
22 998
941 191
816 109
545 84
377 97
195 120
101 359
694 695
858 817
552 567
882 315
518 353
555 203
43 771
688 55
781 529
598 841
468 169
883 150
397 264
971 239
431 641
168 634
671 904
428 974
268 64
162 991
507 975
443 370
974 614
222 963
209 374
543 66
252 234
86 555
730 944
418 454
416 893
823 263
440 852
661 462
701 102
334 242
957 733
465 647
361 310
582 955
579 57
865 435
672 91
134 12
293 499
891 92
565 147
72 761
414 812
571 503
514 430
884 632
520 833
760 251
45 730
209 673
391 953
910 524
196 23
72 1000
569 398
200 82
37 310
990 356
336 845
832 66
647 802
395 689
506 731
688 719
808 833
700 855
754 82
293 210
786 56
132 283
474 892
461 6
779 791
617 267
213 464
657 183
179 586
123 480
827 182
533 14
302 225
634 692
247 572
893 841
837 588
767 293
640 717
548 974
402 398
537 922
701 492
518 738
901 250
226 972
614 237
887 1
554 178
375 230
535 214
415 938
822 510
988 18
92 223
537 126
115 563
557 3
32 589
249 720
431 673
4 105
34 653
394 158
418 99
735 569
828 570
80 536
802 528
931 601
778 554
171 490
971 261
457 789
807 550
629 215
799 318
336 439
778 82
412 747
778 391
330 302
840 669
209 829
108 221
323 668
437 423
22 213
604 17
554 774
999 704
375 255
301 760
545 972
783 195
787 699
102 734
836 710
721 181
25 288
924 407
705 454
615 895
7 554
788 562
1000 561
802 869
211 621
35 644
915 426
181 280
492 456
735 412
42 574
377 632
624 449
507 326
507 141
2 374
403 382
168 455
20 400
336 430
942 322
356 510
526 445
984 500
589 578
530 649
536 924
757 193
405 151
224 415
834 724
943 651
841 3
507 420
198 280
626 146
418 463
466 552
517 412
611 821
759 807
992 826
337 210
762 280
467 786
693 922
378 545
389 578
894 682
365 79
630 741
172 351
409 622
448 106
763 702
758 29
160 233
896 547
149 321
685 964
383 74
403 136
459 103
518 905
171 529
776 653
745 865
884 474
726 748
646 600
983 385
10 5
825 346
535 515
336 751
317 18
157 900
856 320
361 761
776 47
825 459
409 593
973 184
830 852
109 963
306 315
104 746
655 830
365 103
960 737
293 664
240 627
306 838
1 297
310 715
702 644
760 320
63 703
869 771
284 466
529 456
752 31
468 730
678 235
257 525
497 715
132 561
996 821
445 757
851 216
627 640
376 259
211 377
548 597
759 656
552 347
660 544
883 299
42 777
791 57
474 513
156 907
563 637
730 288
877 644
362 774
532 33
368 33
138 391
756 519
294 802
685 946
703 471
27 709
599 684
637 473
105 627
675 228
362 681
988 312
71 756
358 298
619 797
596 83
425 372
104 183
742 188
728 176
840 511
768 588
414 235
877 497
842 341
857 139
330 116
574 581
629 171
645 950
316 39
889 483
526 744
552 685
530 663
745 394
396 79
396 801
491 542
200 226
148 277
332 538
865 616
597 771
908 242
801 467
308 709
521 319
611 484
424 474
760 479
155 90
590 242
518 197
987 728
128 563
516 987
424 532
284 264
462 859
528 239
409 598
325 354
272 947
552 527
858 660
371 220
940 142
816 383
818 591
428 442
836 463
31 965
307 959
589 614
827 81
991 56
114 732
519 202
390 433
705 639
263 983
340 976
714 40
715 753
811 814
205 494
61 479
669 106
693 425
413 300
344 24
861 56
681 255
754 936
576 963
187 41
405 466
824 81
154 281
617 903
63 316
504 403
451 825
170 280
733 762
348 727
130 286
369 382
595 738
973 976
247 231
759 404
246 900
326 98
853 837
160 959
360 988
381 68
807 247
166 595
441 637
540 927
941 345
581 368
647 227
818 431
910 57
878 184
970 953
571 109
916 349
591 388
785 947
957 226
555 534
79 434
482 527
46 116
585 281
736 250
809 608
934 786
420 297
370 748
481 410
615 603
654 44
177 753
605 714
654 742
970 206
730 96
518 283
416 613
776 848
