1150.93063136
1247.98339136
1300.23489086
1347.71787953
1350.99258136
1488.05149136
1575.08352136
1624.99817906
1626.27336884
1688.48824203
1731.18463136
1802.22174136
1915.30580136
2071.40691136
2132.3394973
2158.43894136
2165.06208958
2178.79411817
2257.50735136
2356.57576136
2379.73422984
2483.41571075
2484.1398643
2503.64417136
2634.68466136
2733.50579276
2794.92818298
2820.76397136
2869.68610698
2877.78543136
2967.67249376
2983.54675072
3005.88039136
3026.53469662
3049.27197227
3062.90185136
3209.97026136
3277.14691885
3323.05432136
3323.05432136
3361.27058739
3410.08635136
3460.11323136
3547.14526136
3616.21434136
3634.17729136
3704.3476505
3743.36049344
3753.27325136
3771.23620136
3842.27331136
3904.19775903
3904.38220953
3916.33658136
3973.31380136
4056.19129331
4072.43769136
4076.32299136
4186.48062136
4207.36348136
4210.45210204
4219.3277868
4294.39551136
4315.52321136
4367.45753795
4372.54467136
4391.44827136
4459.57670136
4529.10933108
4543.90935488
4554.51160136
4587.63528136
4588.01629524
4603.07403144
4682.57018136
4785.57937136
4916.61986136
5029.05641563
5047.66035136
5179.35925559
5184.71926136
5321.77817136
5336.14386653
5440.94016346
5458.83708136
5561.84627136
5567.38575891
5687.05728629
5689.90485136
5691.00877375
5802.98891136
5904.03659136
